[[[ -17.11313731 -124.50008805 -343.43139774 -271.68906347  100.75762206
    -12.27174093   -6.37581218    8.98582033  -10.56894991  -67.70184241
    -54.56423939  138.85165424  316.47445917  149.1523502  -153.52385709
   -300.85081613 -310.03678224]
  [  85.80667467  177.25816115  -40.12488672  -30.50597245   -5.64471161
   -194.77853949 -107.70480874  105.76117937   69.16744556  -15.58742692
     17.33735963   -7.03172785 -112.46555943 -190.47866815  169.60507155
    235.20564712   97.31776763]
  [ -84.25677502  -55.34648604 -272.90140422 -818.66869706  -92.36169056
   -527.87984304 -923.70295338  158.06253352  378.90367949  470.06850133
    579.19427082  355.78640344  197.061954     52.10806361  325.39899038
    149.46335544   83.86557135]]]