[[[  22.5267313  -112.97096273 -118.42198015  -61.0615456   129.71638829
    116.12361464  174.56502483   39.32418909    0.97677191  -34.59991529
     -9.33272969  164.92048292  351.03130936  319.74464662 -115.30803005
   -189.1944127  -331.04393117]
  [ -28.49264366   33.23516127  -20.024836     42.57265259  -90.22054347
   -155.06037604  -32.84162486   23.163043     46.34518689  -31.08249169
      9.42442101  -16.1159761  -130.44207258 -220.86315259  123.40023283
    223.28033466  140.86282516]
  [ -88.0300147   -61.51363753 -554.44720205 -965.49707079  -56.43060109
   -465.37166514 -770.0274058   172.27942197  464.09967036  528.61654868
    661.7589442   488.92110877  482.77861917  182.22782469  402.06166854
    152.08294298  -90.21685422]]]