[[[  42.08740678  -75.97736162 -239.10719013 -307.97006903  150.74050006
    125.49408241  184.87438593   64.18536872   33.32640134  -35.28719446
    -15.98639023  180.99915058  210.52451437   93.15237884 -108.3130495
   -134.89273946  -96.86461359]
  [  47.54002772  139.17260835  -32.29362367  -17.57417503  -44.09255075
   -157.73857723  -36.84750162   65.35939938   24.24939493  -52.1967369
    -20.22093144  -68.95597495 -152.42005494 -182.60088919  134.96798827
    224.89850014  106.87675517]
  [ -69.71995883  -33.92166282 -439.90273726 -843.69509595  -64.08965036
   -444.85658934 -795.62476767  189.73335228  489.44920844  533.38031384
    677.24482041  463.74307674  187.91330241  -53.19348675  464.22788271
    159.51892058  -23.04604752]]]