[[[ -19.1467151  -122.65657257 -160.85684137 -303.38824067  111.76176304
    174.27862463  207.48116171  -24.08067632    4.06490556   51.4249789
     51.04208212  152.0803864   190.95734031  185.82075201 -150.6208758
   -227.88054853 -112.08393685]
  [  36.59119083  -27.46225945  -70.63849483   71.40772915  100.64463003
     15.50868186  103.85368729   42.23951335    2.72433863  -75.82588861
    -44.93869051   85.5564393   151.67708441   26.00685367  -56.73657577
   -145.51181947 -213.13889047]
  [ -47.04362565  -17.06087423 -502.89408432 -904.49555265  -16.53828656
   -497.71346856 -911.82305473  192.47690879  474.64084103  498.95650115
    601.80689901  421.92691813  183.75647366   92.747975    453.78829155
    226.01294543  143.14310106]]]