[[[  31.1671457  -102.04441144 -256.54990712 -293.42399447  129.66939307
    145.80754801  206.33370171   58.85487707   51.11540805  -17.98053458
      4.49482016  200.67900673  228.48430276   69.78408643  -95.15857406
   -163.60581673 -125.58556313]
  [  43.92566723  127.26752178  -41.44492399  -13.85799756  -39.41618534
   -149.9285201   -22.77299284   67.7802655    28.72860049  -51.65725708
    -19.69576458  -56.11788438 -141.29357397 -182.76073846  129.90701754
    213.85278989   86.77826894]
  [ -67.10357163  -41.10070336 -418.74181844 -814.6947777   -44.12624857
   -458.67975541 -810.66355335  188.43239062  482.47572302  530.23683334
    670.7811927   455.06891658  176.81840724  -66.32057452  458.87995585
    185.67987509  -30.89258123]]]