[[[   7.72060084  -94.8485956  -376.96815166 -289.95183166  121.5988949
    -47.62017491  -80.76503454   58.0295482    28.88165806  -24.1447178
    -19.93619096  177.12205705  357.78270581  224.35176192  -76.69330732
   -146.68459288  -66.22102974]
  [  43.91700715  162.78877122  -33.09633358  -17.74810835  -74.95475256
   -228.5741462  -145.04036729   75.26466247   52.15486449  -27.20013755
      4.94714065  -51.8136211  -174.50088467 -204.61008246  183.54158219
    318.2932725   201.01611329]
  [-113.55628422 -123.18680945 -416.53267034 -886.19948527 -155.02859398
   -551.62818725 -956.58387167  154.30408176  404.38772399  508.28260695
    584.21712002  347.02690853  191.21663319  150.71942529  409.26257317
    187.05704818   61.29586925]]]