[[[ -22.46512217 -148.70230576 -140.42729894 -257.66789052  124.14299775
    189.45255976  256.54262479  -30.94448158  -26.29752775   12.7100852
    -20.982115    157.88580384  193.67227689  140.9876906  -174.21611812
   -202.41501861  -91.97567892]
  [  68.69189703   26.74574363 -127.75592648   -9.2020492   110.63802611
    -77.05289826   -4.98986234   87.18844909   34.25753338  -59.06174487
    -13.07021139   90.38424408  116.81468279  -22.59226452   -6.2290459
    -66.44789135 -154.5991924 ]
  [ -67.56150884  -35.63860356 -409.13126657 -823.52493758  -62.84363646
   -435.32095858 -831.51250702  188.34993227  480.53019382  534.08314211
    692.22305889  454.79721541  150.3994886   -21.3014102   453.71264312
    148.5998041   -17.80146264]]]