[[[ 1.79230128e+01 -1.10048994e+02 -2.13356344e+02 -2.80164252e+02
    1.28008675e+02  1.51717895e+02  2.00962290e+02  3.59084151e+01
    1.33570322e+01  6.39693212e-01  4.16447041e+01  1.97842203e+02
    1.86138909e+02  6.55374114e+01 -1.38127879e+02 -1.69673345e+02
   -7.38383055e+01]
  [ 5.97022817e+01  1.05471099e+02 -6.97186601e+01  3.78862934e+00
    1.39334389e+01 -1.12705678e+02  5.42635855e+00  7.96477579e+01
    2.82752837e+01 -6.46386126e+01 -2.25089303e+01 -1.60510084e+01
   -7.77484776e+01 -1.43764038e+02  8.66856467e+01  1.20561760e+02
   -6.35641245e+00]
  [-5.92860088e+01 -3.35032937e+01 -4.41171170e+02 -8.00396850e+02
   -3.64099150e+01 -4.50900928e+02 -8.34339858e+02  1.93720990e+02
    4.82928247e+02  5.34652158e+02  6.95318730e+02  4.54367329e+02
    1.46666549e+02 -2.17614885e+01  4.59273823e+02  1.81239759e+02
   -6.36980480e+01]]]