[[[ -19.05991552 -150.11519886 -145.03812453 -259.56469186  123.68614092
    184.46924314  251.05104661  -25.6102308   -27.59456097    8.25920484
    -23.61082431  157.46969973  229.30817159  137.84484202 -176.08990338
   -205.91986018  -95.89597992]
  [  75.00512131   41.18822388 -120.64794933    6.1827566   108.8219994
    -77.52835364    5.93419462   89.16402791   31.92709642  -63.7016783
    -18.06664871   79.05891354   93.66759768  -46.26481935    1.13229322
    -58.02222645 -152.37576184]
  [ -66.63137526  -33.50610557 -436.35023243 -818.92239443  -60.08210261
   -432.45317719 -823.23800355  188.78871463  479.52835838  531.77396688
    690.15273632  454.28660838  153.61918084  -16.82698042  452.65896371
    149.47216974  -14.78267065]]]