[[[ -19.83253959 -117.71195142  -89.49801148  -46.63614009  104.15340113
    106.46161      40.2943122   -40.85906115  -32.46975349    2.02563472
    -24.83925594  136.79710682  235.57899035  229.75014503 -205.83224502
   -336.04820798 -248.18513012]
  [   3.85854751  -54.90211076 -156.53555633  -82.23475952   62.61926565
    -30.702433     53.27735588   56.02364307   55.67965868  -26.42386178
     24.22673527  122.48952692  128.53994213    3.37148915    6.22330645
    -69.31980848 -152.52127316]
  [-104.10926341  -73.29936278 -510.89249422 -956.8625793   -72.23752806
   -514.07985053 -954.68205966  164.04631634  484.35133801  537.57104325
    661.75310671  427.01393675  215.71298685  259.16779991  462.18330024
    292.8346956   114.03551556]]]