[[[ -29.7723735  -146.69364249 -134.60884089 -260.26240544   92.54753643
    200.4672873   268.77788421  -38.04569735  -21.58539779   24.75061043
    -12.93426409  162.50514032  202.34927921  201.19415783 -170.92606918
   -243.05572128 -137.77494411]
  [  55.5425879    -4.26197725 -119.88129215   -5.65175565  115.34712108
    -45.57940335   26.17830076   69.03348441   20.84767366  -66.84776146
    -28.71548623   97.86582166  163.33728519   37.90928487  -34.96070359
   -104.23912785 -185.0470097 ]
  [ -57.59835696  -14.4887485  -433.92878901 -853.20711195  -42.53072278
   -456.90978578 -823.27993694  193.08041519  475.26218072  525.52454939
    688.99010396  422.69186132  175.58591111  -35.9956833   450.41383525
    179.59946741    8.579141  ]]]