[[[ -29.95844569 -147.70638451 -181.15668222 -272.20159557   89.97198051
    188.88050415  222.43149145  -27.285003     15.52612172   36.04406382
     25.72063698  165.87065522  206.7854387   151.95479484 -171.81318458
   -206.11560536  -88.14817133]
  [  73.36850288   24.58076426  -69.02643041   67.0232101   122.15622081
     -5.93962428   90.31722384   64.9810281    -4.54050866  -93.72318816
    -63.57301948   62.99644638  101.18407517  -26.8821693   -47.50659037
   -114.55629137 -184.75133294]
  [ -43.00536122  -14.4892296  -447.19543966 -872.26505316  -14.46310357
   -474.38787144 -880.037661    199.16830073  467.42351267  500.16359833
    620.18045192  444.49254415  207.9592735    42.14156752  443.37565993
    176.44557708   43.43681562]]]