[[[  60.35044274  -61.44406666 -320.93177311 -503.06363222  151.50006242
     12.92631374  -22.38418362   99.32754772   83.03567267   29.99535283
     10.31323145  219.52198527  356.54330976  220.43415062  -52.87928476
    -93.57178559 -120.0517624 ]
  [ 123.07968199  208.70055988 -165.57287164 -201.10571082   37.45881181
   -370.07640785 -343.00135542  133.50643985   95.42671785    3.03810571
     36.05236499   23.14916441  -69.61223984 -116.16445265  188.2541838
    265.90800455  130.94881948]
  [ -87.44291496  -22.10915239 -292.11050389 -590.57646389  -90.34017373
   -479.89692813 -834.11926945  137.44799884  389.74534     429.28455133
    551.17426995  365.79934771  185.49673187  112.76518219  370.38334425
    153.74330513  -20.17496073]]]