[[[   5.69326909  -97.55356631  -76.14658967  -23.91916476  162.50407739
    117.62617033   62.58906638   -4.76952065   -6.5752228    -1.61207039
     -7.87451751  160.64202201  291.60650207  233.22084322 -175.89536279
   -348.56871547 -291.65554209]
  [  22.14777644    6.36216933 -127.29764477  -59.87963205   37.93337958
    -85.72838563    6.0285284    74.36164042   71.25240738  -17.44006485
     39.0512537    93.45860467   65.26143414  -58.87231229   68.50797317
     -8.39800334 -126.79225893]
  [-107.26945186  -59.94788805 -461.11126556 -960.97422732  -89.85469545
   -504.16819178 -963.95946667  151.63579028  436.62936859  513.39873166
    635.15789042  411.94822482  174.17646552  165.93930114  415.44631925
    266.09622655  315.89053849]]]