[[[ -18.06683315 -128.04600776 -161.6523854  -282.07699759  112.31617872
    170.11161581  238.06793499  -21.8552767    -3.79891923   16.81124274
      1.54066461  148.65781326  216.33885136  122.49697594 -184.84837462
   -184.09059515  -65.01675492]
  [  72.15869836   39.65454401  -93.41674415   42.42457642  104.66284868
    -51.84307787   50.67670294   78.8974595    16.95129611  -76.36004828
    -33.91883736   63.78545001   79.61254703  -59.43802374  -13.08028343
    -66.78823774 -156.85112975]
  [ -54.75258532  -33.39235529 -451.89373529 -834.86355988  -32.94747947
   -444.28345922 -800.32101839  196.00522962  480.98131474  529.27976857
    692.52216099  455.75736711  149.99688726  -23.69335078  454.6965009
    146.75017372  -22.26333379]]]