[[[ -35.80309263 -156.39158626 -330.63995835 -265.67926367   78.17820167
      8.12702735   10.65793365  -10.19774608   -3.99492526  -68.89230552
    -76.75872769  149.7023463   334.78024123  170.16607462 -183.82662684
   -336.97787705 -327.16842502]
  [  82.68180191  157.9132642   -64.87143155  -50.68894526    7.45042336
   -187.42775465  -99.10273388  108.17675919   72.58774557  -17.66050926
     17.72859801   14.40766804  -71.84707968 -165.88202934  156.40557112
    200.71996716   60.71079259]
  [ -84.7739318   -55.44110601 -276.26494094 -827.56688279  -93.34112688
   -533.74136987 -931.72657921  158.63776773  381.5367678   474.01328664
    583.51361898  358.22126626  199.33297485   52.48413452  327.91919972
    155.43447867   92.3985415 ]]]