[[[  30.93046733  -99.24129394 -250.30718923 -324.59131158  135.94441184
    150.04303225  206.54617365   55.52329553   18.85715292  -23.40386017
      6.14256578  203.03263861  236.84142547  121.56311752 -128.1216354
   -158.67379196 -118.03529595]
  [  48.61974757  125.51819436  -65.99684232  -45.01360275  -28.27872062
   -160.86953668  -33.56175904   75.37082342   35.76871824  -50.62991322
    -12.95999264  -42.74503451 -120.10387476 -174.85705988  131.32552781
    212.15774127   89.60265344]
  [ -79.18814686  -62.83549414 -432.8011303  -831.82924174  -65.38116871
   -437.30977823 -784.08311672  186.3894154   489.89673301  544.42945557
    705.95619219  463.56849794  188.34409301  -50.1845173   463.964988
    157.29962779  -60.14714523]]]