[[[-1.40745819e+00 -1.18513095e+02 -1.89564151e+02 -2.47620298e+02
    1.17409224e+02  2.08220757e+02  2.41514459e+02  5.56442057e+00
    5.01320194e+01  7.83634057e+01  9.47812966e+01  1.96601400e+02
    2.31170952e+02  3.01042266e+02 -1.04089216e+02 -2.27470271e+02
   -2.52573077e+02]
  [ 6.00725435e+01  1.91884850e+01 -6.42692008e+01  7.01785211e+01
    1.00956595e+02 -6.07061953e+00  8.99523442e+01  5.18544407e+01
   -1.58682330e+01 -1.05774235e+02 -8.13503205e+01  4.90426289e+01
    1.41062783e+02  3.77969968e+01 -4.51067787e+01 -6.67018323e+01
   -1.75774976e+02]
  [-2.76149595e+01  3.20963043e-01 -4.50921803e+02 -8.32290122e+02
   -4.23769941e-01 -4.50122245e+02 -8.38018567e+02  2.10549208e+02
    4.67388188e+02  5.01388635e+02  6.44419541e+02  4.14063893e+02
    1.38962769e+02 -1.10848628e+02  4.48386512e+02  2.20554401e+02
    1.27883758e+01]]]