[[[-7.70058366e-01 -1.20159960e+02 -1.50063199e+02 -1.59612219e+02
    1.33236149e+02  2.40651900e+02  3.31412259e+02 -2.70308491e+01
    2.22862375e-01  4.65947158e-01  4.35348818e+00  1.25333423e+02
    2.10047429e+02  2.50166255e+02 -1.66946932e+02 -3.76260906e+02
   -3.22380548e+02]
  [ 1.73383689e+01 -2.81177624e+01 -1.08977105e+02 -1.03687855e+01
    6.27944356e+01 -7.29854296e+01 -1.26380827e+01  5.51977499e+01
    4.32188818e+01 -4.91232462e+01 -1.23940544e+01  1.02654702e+02
    1.88971528e+02  8.28811977e+01  1.19585058e+01 -7.69249703e+01
   -1.98503956e+02]
  [-7.27212984e+01 -1.95430920e+01 -5.41715297e+02 -9.20151468e+02
   -5.11734095e+01 -4.61394185e+02 -8.83946894e+02  1.71357067e+02
    4.25578545e+02  4.94709803e+02  6.18211969e+02  4.02189874e+02
    1.92600055e+02 -3.64879530e+01  4.42056794e+02  2.62598966e+02
    3.38491556e+02]]]