[[[ -12.31216585 -121.1490852  -102.46666685 -113.39609264  131.46136711
     92.56867379   22.16368548  -30.48396366  -30.99313195   16.40015965
    -28.5383014   131.79994247  252.96726511  263.85008268 -154.5739369
   -229.25711506 -114.43668664]
  [  16.19658437  -43.53888203 -111.91936066  -25.92023577   75.93194827
     23.68104685  127.72207811   48.09469569   47.18941759  -36.86246523
     10.89388573  116.03285426  167.95922089   40.44734575  -13.86483123
   -188.84968637 -260.16539775]
  [ -79.31946621  -27.13376965 -496.64154337 -934.24074564  -67.75401911
   -498.57537971 -897.58632795  169.60421931  434.46893944  514.03072483
    637.46270946  406.59120931  144.35641352  -95.02933655  455.07405974
    302.67551991  399.34580867]]]