[[[  23.13074643 -103.45022844 -244.11102065 -319.34799909  138.82084561
    161.74935646  211.54788908   39.69905677   19.72727357   -8.29791371
     11.64655269  207.88491732  243.16242721  127.75375009 -133.6590749
   -206.06973324 -115.65495574]
  [  63.4961459   116.06489626  -82.20177465  -22.86965175   10.92738059
   -136.89066891  -12.14756389   84.28174623   32.53765031  -62.04633331
    -24.05344449  -16.18202165  -71.79693413 -145.93168372   99.75197856
    142.38655452   14.6630063 ]
  [ -66.26190243  -40.48979254 -446.98088526 -806.9174939   -43.58862225
   -453.6730313  -801.24659498  190.65866974  478.91910227  531.51391606
    693.02182325  451.59620155  174.15376553  -66.71848677  454.99260232
    180.72307432  -31.01153808]]]