[[[ -37.68895618 -150.34664783 -177.5369268  -271.71039788   82.43525658
    186.82049621  214.81167898  -37.41491686   12.36363099   46.01080287
     25.05471344  158.53853016  192.30774532  148.39551535 -171.08433613
   -164.79877575  -85.25048263]
  [  69.30561886    4.57736969  -92.50542052   50.8727743   134.03385944
     -4.29516036   70.84015724   63.37798671   -5.32601991  -90.87274117
    -59.22705671   80.19311116  145.16753299   23.78150949  -67.58002186
   -136.0280557  -193.26263312]
  [ -50.10425848  -29.5449291  -451.75751501 -837.32255879  -28.53687994
   -445.50295247 -844.31750996  201.78571867  484.01924153  522.11435106
    666.95131445  460.28899632  188.25414989  -20.96946845  458.31290629
    154.5505707   -18.65901695]]]