[[[-7.79744731e+00 -1.39903678e+02 -1.54576206e+02 -1.30428166e+02
    1.38051347e+02  1.21491167e+01 -4.85840300e+01  1.28479587e+01
    5.79942440e+00 -2.29411036e+01  3.26310779e-01  1.89943677e+02
    2.84704609e+02  2.72134943e+02 -1.68704209e+02 -2.60913140e+02
   -2.91544381e+02]
  [ 4.20886144e+01  9.87899205e+01 -7.97777904e+01 -1.87029530e+01
   -1.46126593e+01 -1.93955748e+02 -1.37405539e+02  7.97817931e+01
    4.52747836e+01 -4.58390535e+01  6.59908034e-01  4.41584982e+00
   -5.89287935e+00 -1.05910554e+02  1.14306926e+02  1.85193136e+02
    8.83909137e+01]
  [-8.52360552e+01 -6.05139153e+01 -4.10314544e+02 -7.85237446e+02
   -6.38930518e+01 -4.53163214e+02 -8.39763601e+02  1.81364501e+02
    4.81307560e+02  5.49757609e+02  7.03402813e+02  4.53571608e+02
    1.65610140e+02 -1.00552816e+02  4.57929828e+02  2.14078965e+02
   -4.01649863e+01]]]