[[[  -3.6402327  -117.45243558   38.38291588 -236.41181649  106.17726007
    114.60418715   92.36529525  -21.51853714   -0.97542216   22.81059825
    -34.19879988  172.99522911  255.18905801  338.0296103  -152.99406306
   -352.78125718 -222.92976143]
  [  -7.57727178  -65.63674458 -136.06484514  -14.3258311    50.48200107
    -12.69846685   79.202373     33.18128961   68.83292081   -7.67312049
     45.04274647  131.16220183  192.85425422   70.67069375   16.00422662
   -174.8620761  -269.15507444]
  [ -97.71167176  -53.43116801 -526.56273853 -870.65052203  -85.20685131
   -502.02612209 -913.45115131  136.43068046  387.62419744  470.96344709
    566.34575083  330.62117489  107.64432253  -59.94431946  411.393173
    432.45215448  575.3166267 ]]]