[[[  40.57721159  -76.836026   -321.55772107 -501.17470807  146.56911244
     21.04051433   17.0452497    85.88624689   80.970039     46.16762336
     44.62960969  221.80596868  389.39953281  220.10327489  -62.49288717
   -179.50195924 -157.94697858]
  [ 130.31658079  205.97449968 -207.18267245 -257.12692484   54.65862288
   -377.86749474 -358.45811403  156.69173826  124.24679736   26.8811516
     66.43103568   65.13961579  -39.28279056 -111.83592737  200.47310682
    234.76044607   82.67387626]
  [-106.43801903  -58.43646178 -221.51686482 -579.06987351  -97.44820961
   -438.02610893 -792.73654311  115.53407646  349.96158158  413.20092971
    541.47495181  324.46677915  147.83714444  147.56055437  356.36098457
    148.54978409   13.80983135]]]