[[[  22.10362689 -110.6817987  -124.31926619  -60.41041956  127.15940492
    109.39243572  175.10689051   39.93831081   40.00888552  -40.41717552
     -5.70961363  161.27244215  194.13060411  119.10906205 -110.57022221
   -184.97613789 -329.5122668 ]
  [  13.71769531   96.28424879   24.80229853   93.65160931  -68.84899345
   -143.65136562  -18.1005218    43.96322801   36.31094947  -37.11644852
      1.10278664  -50.19147091 -189.95969667 -275.7859857   133.28500098
    220.57784984  113.29449838]
  [ -73.61550316  -46.72910586 -538.47494422 -956.48339641  -43.63670062
   -456.27263852 -796.83834517  185.16017583  477.62243016  540.41224359
    676.96951895  493.63891611  259.63879942  166.96191015  419.28016357
    159.61858022  -70.96456668]]]