[[[  31.88098018  -70.67500516 -220.5858651  -284.42699758  127.81961644
    143.68632529  201.01130488   46.77471129    5.90872671  -36.31630599
     -7.23618719  156.88871628  224.06364344  110.31345362 -139.58186285
   -164.97438579  -82.21148299]
  [  51.68786404  126.82720339  -34.68275722   13.60109116  -23.45148028
   -127.65856155  -15.81697688   65.79867164   17.46824803  -67.04730255
    -32.14118885  -54.87321799 -122.2609618  -167.6132123   109.38556731
    184.07102092   65.52318105]
  [ -58.58498899  -33.76906555 -443.06693248 -806.10797476  -35.69694195
   -452.6279124  -837.65774535  196.52917713  484.22366966  532.82877414
    697.59273363  459.12628259  185.93602172  -20.2612832   458.5996921
    149.86971931  -69.20848381]]]