[[[  24.18418987 -105.79222019 -221.92757078 -331.05775445  128.68723645
    147.94178574  203.70490271   50.81164357   48.6772063   -17.0189407
      4.53215854  199.80664055  231.87916304  116.18079462 -131.89409696
   -166.08403108 -124.65421452]
  [  41.88239595  115.84101121  -51.42062714  -26.83011346  -32.07624352
   -139.63317853  -20.73870355   67.88713983   31.20519623  -52.45983756
    -15.86501685  -43.95966276 -122.13549009 -176.76560863  123.42848708
    202.99173219   83.3354886 ]
  [ -67.33251615  -40.22584338 -451.58795987 -854.74115171  -44.00006605
   -456.96373639 -806.3936489   189.82307002  480.95239063  537.5230111
    696.32591007  454.15493727  179.84175179  -24.94917369  456.85567489
    183.19206706  -31.29000073]]]