[[[  23.62680665 -109.87233689 -121.2561126  -102.14595563  136.195981
    178.93040884  333.69700765    9.35281126  -47.32894889  -80.98049584
    -61.31100234  116.42630224  208.80164477  234.40826013 -196.21213612
   -234.25048709 -336.08262503]
  [  42.05670503   93.13406784   39.86553668  155.96040522   -9.02064104
    -62.90167564   85.26900181   32.64568531  -23.4340616  -103.81312117
    -74.25290136  -68.45653387 -113.2911409  -210.01822551   52.70011453
    137.94906702   34.4195032 ]
  [ -39.5460537   -20.62327226 -480.50635235 -858.42502209  -16.4543224
   -445.93923582 -849.6453875   204.8192292   458.69311383  511.62789584
    651.64172386  471.52526163  267.55111932   -2.61992982  431.38742871
    144.30122495  -16.33775058]]]