[[[-2.83857351e+01 -1.58920474e+02 -3.36292542e+02 -2.65005343e+02
    1.06693407e+02  4.32152192e-01  1.49692761e+00 -3.70213817e+00
   -7.92147758e+00 -6.36217929e+01 -4.83983866e+01  1.45263554e+02
    3.25658017e+02  1.59184602e+02 -1.87195779e+02 -3.34919662e+02
   -3.21623682e+02]
  [ 8.78611879e+01  1.62674664e+02 -8.14713428e+01 -7.36852769e+01
    1.30477876e+01 -2.03919357e+02 -1.21809743e+02  1.16627834e+02
    8.35407009e+01 -7.68397808e+00  3.14723678e+01  2.28742848e+01
   -7.72302454e+01 -1.65867686e+02  1.66372274e+02  2.02469006e+02
    6.02127206e+01]
  [-9.49372312e+01 -8.57025267e+01 -2.65362754e+02 -8.13338995e+02
   -9.08218152e+01 -5.18453225e+02 -9.14476990e+02  1.50668393e+02
    3.83071250e+02  4.72669500e+02  5.84684327e+02  3.60255356e+02
    2.03503149e+02  6.15427353e+01  3.03014605e+02  1.44862753e+02
    8.58775961e+01]]]