[[[-3.47996155e+01 -1.54654343e+02 -1.89571218e+02 -2.87832316e+02
    8.22214014e+01  1.42857774e+02  2.11462938e+02 -3.16936373e+01
    1.28833741e+01  5.81021483e+01  6.22400026e+01  1.61320188e+02
    2.10793554e+02  2.91954807e+02 -1.42740394e+02 -2.52527664e+02
   -1.48408105e+02]
  [ 5.59729614e+01 -6.73319132e+00 -7.34520304e+01  6.45493131e+01
    1.18679186e+02  1.41647772e+01  9.33072829e+01  5.35545240e+01
   -7.94581326e-02 -8.03851354e+01 -4.88517486e+01  8.55278198e+01
    1.37042323e+02  2.02353042e-01 -5.72724747e+01 -1.31000240e+02
   -2.27003747e+02]
  [-5.96877996e+01 -3.45526639e+01 -5.05446249e+02 -9.06814452e+02
   -3.32187560e+01 -4.70194597e+02 -9.10725243e+02  1.88395676e+02
    4.56624116e+02  5.02664423e+02  6.41257118e+02  4.32693885e+02
    1.71489761e+02  1.95632121e+02  4.35553495e+02  2.01310499e+02
    7.87939860e+01]]]