[[[  20.77586692 -102.14256223 -174.71007505 -284.58404993  132.39011082
    120.25461122  218.23801086   39.33084903   14.94463242  -30.43003097
      4.0796733   167.95581346  199.39836743  125.83344176 -134.30027956
   -164.99184967 -122.36584485]
  [  42.58105127  114.28267204  -24.76329113   11.03973955  -29.12058976
   -116.30825448    4.72666562   55.18351265    8.70512518  -70.62691808
    -36.93546977  -61.129041   -112.86941366 -162.90540438   99.18678066
    185.36276415   85.75177633]
  [ -52.05709077  -14.22096322 -441.70299549 -855.23957912  -47.12684864
   -447.85952454 -804.88624503  198.4613441   485.04471265  531.44657618
    675.06685424  458.13290146  174.87220668  -82.49902115  462.39646843
    215.51981606  -43.32163702]]]