[[[-1.96912091e+01 -1.44399916e+02 -1.76994742e+02 -2.31662307e+02
    9.15293625e+01  1.81971610e+02  2.15029589e+02 -1.84242599e+01
    1.62250945e+01  3.76849945e+01  2.57116094e+01  1.64732113e+02
    2.02592319e+02  2.42313621e+02 -1.36897654e+02 -2.15462155e+02
   -2.34688544e+02]
  [ 5.68111126e+01  1.46113284e+01 -7.04649642e+01  5.92375648e+01
    9.90108907e+01 -1.37799197e+01  8.32650524e+01  5.27714767e+01
   -1.39776231e+01 -1.02774185e+02 -7.36118044e+01  4.84956431e+01
    1.17903137e+02  1.39003631e+01 -4.45090357e+01 -6.31500910e+01
   -1.63805374e+02]
  [-3.33409627e+01 -1.23695061e+00 -4.57078608e+02 -8.43369854e+02
   -7.41530902e-01 -4.54706594e+02 -8.47487516e+02  2.08531564e+02
    4.74677280e+02  5.11549480e+02  6.54367726e+02  4.50900715e+02
    1.80827080e+02 -3.19471113e+01  4.51614184e+02  1.83485578e+02
   -2.86142332e+01]]]