[[[ -42.13339363 -145.80208887 -132.55097153 -273.95218739   73.70210608
    193.05665143  217.83952302  -46.82118024   12.18577182   65.06423743
     29.13051723  116.16435015  138.98497761  149.03404898 -132.7080858
   -160.36232038  -84.72229236]
  [  44.60276393  -51.47047873 -117.36802959    5.0785567   140.67600579
     19.08900604   70.09755501   44.97228581   -8.14078841  -76.03177581
    -50.24642512  109.56608728  222.82846147  129.30748065 -102.54075961
   -175.40319505 -212.80154847]
  [ -51.40882028  -32.38181073 -429.61383871 -846.42511602  -31.84953925
   -449.15445635 -818.47768935  201.60724288  488.18202435  528.51140803
    674.63314963  464.92145476  190.68471629  -27.01334124  462.09404876
    153.14245395  -64.90277398]]]