[[[ 1.69743390e+01 -1.13190791e+02 -2.10872453e+02 -2.84245276e+02
    1.24936916e+02  1.51476240e+02  2.44022865e+02  3.02276822e+01
    4.20456724e+00 -2.38034182e+01 -4.19937251e+00  1.57649994e+02
    2.23539547e+02  1.09715856e+02 -1.46153266e+02 -1.75592614e+02
   -8.12922137e+01]
  [ 5.74854721e+01  1.08730454e+02 -6.05393215e+01  4.88829088e+00
    6.24046388e+00 -1.17646880e+02  2.22391069e+01  7.41313201e+01
    2.19323401e+01 -6.89506239e+01 -2.92719389e+01 -2.44866995e+01
   -6.96563525e+01 -1.48281274e+02  8.77607827e+01  1.30677562e+02
    4.51887873e-01]
  [-5.74626612e+01 -3.29796594e+01 -4.47515531e+02 -8.44120913e+02
   -3.55955010e+01 -4.50667415e+02 -7.97870279e+02  1.95098440e+02
    4.83572615e+02  5.31961369e+02  6.96337940e+02  4.57331459e+02
    1.50510569e+02 -2.19949608e+01  4.58324939e+02  1.49373183e+02
   -2.72935633e+01]]]