[[[  50.11495901  -61.66892683 -160.06034333 -178.67986686  173.05194396
    214.71895605  403.01818133   28.65211971  -43.18054114  -79.532119
    -91.15494998  112.57264526  265.35821921  116.77516347 -182.24318671
   -261.62277629 -306.88451814]
  [  70.45067116  130.23197618   39.39531359  142.83507136   10.66923839
    -56.62362052  126.42965986   48.01164918  -11.51451604  -99.16224593
    -74.21008894  -67.53930017 -217.24261271 -303.81661757   74.40573866
    161.84962253   26.01274022]
  [ -69.84130867  -77.0701557  -508.97535657 -940.0260386   -45.86717298
   -474.59852259 -854.80970552  179.59983554  436.3107368   476.93296511
    582.02487092  421.63930046  282.86508178  357.51954345  437.59850634
    180.63445585  -27.32063852]]]