[[[ -15.35957364 -121.20715745 -389.0185287  -303.38303434   99.66422017
    -22.43371732  -52.05264564   22.46553472   29.56589986  -57.24490602
    -47.80548332  145.4358788   286.42150659  182.27937848 -110.84935108
   -260.8249618  -297.05113318]
  [  70.31379884  177.60076139  -27.98903446  -18.70466807  -36.97310355
   -211.46956385 -125.38415805  101.28502608   74.32267235   -5.33091678
     26.86747279  -20.45555734 -146.21518396 -218.47471093  191.76348621
    286.47986677  163.23849129]
  [ -97.27540984  -77.68412522 -361.31880978 -861.57040472 -108.2912166
   -520.94626889 -918.76197528  157.94990549  403.65016438  493.19739188
    578.22824598  378.95158329  189.25082037   73.88312747  381.39470419
    165.40528155   95.4847984 ]]]