[[[ -51.4223712  -172.76238559 -186.77745324 -519.79006833   24.72459207
    186.2434986   117.88468375  -18.03092193   62.99629974  118.51662668
    124.37123932  214.08624613  269.53284301  167.0115527   -62.14681596
   -179.14696648  -46.22726573]
  [  60.00463912  -28.70410848  -45.50153812  191.92833593  148.7133275
     86.20400867  208.4142515    24.3705708   -31.39839826  -97.2165816
    -76.56669317   81.9962784   159.72362238   26.98652245 -114.26064486
   -285.31438828 -294.258875  ]
  [-103.09759495  -95.71822224 -631.66349823 -865.16087398 -129.37568158
   -555.8534047  -949.5287387   152.35841514  408.28752806  451.25637215
    568.11911907  388.40507039  268.22304731  333.78082431  393.59452393
    281.58790471  389.02114976]]]