[[[  13.94829977 -108.17475547 -199.61428251 -236.76821648  133.30366403
    164.78877646  214.68461622   19.96548641   10.99587064  -14.17073616
      5.52469318  166.41809354  245.75978284  225.86959726 -142.07600748
   -221.38764304 -259.32418919]
  [  51.24757097   86.30232554  -43.38875125   49.38994838   16.19280563
    -85.01295652   38.29506017   61.43086449    7.06483734  -83.74827733
    -50.19975653  -16.86893955  -39.29208533 -147.14351901   58.92984881
    106.03547043  -11.68814454]
  [ -41.61182132   -3.52128681 -458.40888301 -855.43237082   -4.67868562
   -461.38475264 -852.98809773  201.57562572  477.70579507  515.08941653
    660.19875662  453.07927328  182.90256444  -27.07911976  427.06399462
    186.69806165   11.1179974 ]]]