[[[ -25.79635244 -151.86169173 -187.49949451 -287.11007227   88.78007778
    194.4844137   268.57694335  -20.40525452   22.42444239   68.80650962
     69.39224275  172.37881082  249.6393352   275.72055003 -135.18749312
   -210.68899026  -93.32852421]
  [  70.18856973   10.03222892  -67.92510185   85.19788489  130.34484812
     13.51866147   91.56845811   61.93949037    6.51799408  -80.16123454
    -51.23197096   89.60783365  163.56480452   31.69873229  -52.19679007
   -175.7107708  -255.71584264]
  [ -52.46360548  -23.24768372 -494.55747121 -853.75937552  -23.14705076
   -493.28927875 -903.77363002  191.73357024  465.12138672  495.19479691
    621.36325135  411.69284949  167.97184271  -21.01418813  445.55596686
    222.88919862  216.61114186]]]