[[[  12.02424502 -116.47572808 -268.75788449 -314.89921204  137.7602731
    121.37798639  171.57323437   43.46560382   55.95448561   13.83695385
     53.61457655  186.83273568  352.88615959  337.59685672 -105.13478892
   -233.18459374 -379.14410076]
  [  23.49454685   80.52314281  -84.52158696  -35.70131506  -33.53415105
   -154.14317287  -44.33367784   66.90001156   60.27800385  -30.45938725
     10.29936301   12.9436907  -105.14336508 -243.20142633  131.10874806
    223.25162031  107.5535026 ]
  [ -82.44635609  -26.38739264 -458.38687406 -872.8266013   -58.59698976
   -496.93449657 -870.48861054  164.77951054  452.56669159  502.23307861
    617.90128693  431.70066875  250.86143999  289.68914886  399.07615918
    151.26193133  -38.6780218 ]]]