[[[ -29.2999431  -117.69741077 -145.57098004 -283.4560834    74.93423522
    177.28820365  205.70721195  -31.54997854    8.84539913   55.1931295
     21.44555903  151.13526717  176.99491923  138.86401956 -139.46259297
   -171.30725281  -97.72049495]
  [  46.04229472  -24.93518591  -85.60533265   45.1086003   117.01974321
     10.73259397   78.84908329   46.77888551   -4.11220049  -81.05460886
    -50.84725057   84.6665305   163.0949434    55.75070206  -72.5577073
   -140.95302423 -189.47215427]
  [ -33.95559585    9.00662973 -451.03068751 -836.90544259  -19.0208785
   -445.46729894 -844.7523919   205.35000024  488.05316786  512.9895196
    641.78707944  435.45202072  160.4946185   -58.65670241  465.0510255
    197.56484469   -9.96183712]]]