[[[-1.01550476e+01 -1.07066921e+02 -1.82512897e+02 -3.15752129e+02
    1.25333873e+02  1.73513714e+02  1.69075330e+02 -1.97230276e+01
    2.46518648e+01  4.07293193e+01  2.90745777e+01  1.68050081e+02
    2.43708094e+02  3.27871876e+02 -1.30556227e+02 -3.28120032e+02
   -1.97271205e+02]
  [ 9.07899170e-01 -3.73704998e+01 -6.85698771e+01  7.66935877e+01
    3.91861572e+01 -5.74417281e+00  8.91988438e+01  3.40345194e+01
    5.56164500e+01 -3.06077169e+01  1.18398424e+01  1.08890774e+02
    1.79000346e+02  5.43911200e+01  1.19201730e+01 -2.13725554e+02
   -3.03363289e+02]
  [-9.84228910e+01 -8.09109904e+01 -5.36817466e+02 -9.20713375e+02
   -8.57801601e+01 -5.09245453e+02 -9.27210524e+02  1.44306655e+02
    3.92057528e+02  4.66092199e+02  5.69314214e+02  3.33157470e+02
    1.03955383e+02 -1.41905695e+02  4.19376540e+02  5.10516386e+02
    6.73431252e+02]]]