[[[ -16.80191951 -125.88877461 -198.67955777 -285.34238202  116.65658119
    170.65742436  200.76160529  -18.69974041    0.88959065   26.96949485
      8.30903933  154.59752349  224.62687065  129.70587532 -154.25070819
   -180.44695733  -61.59613035]
  [  73.90498534   41.49531712  -92.84287394   68.18739095  106.314648
    -40.06056365   57.73125268   77.51980385    9.6616699   -85.56085827
    -46.52660293   59.38913591   77.35564128  -56.85918603  -21.66687719
    -71.23210332 -157.8711738 ]
  [ -60.97037958  -61.85939625 -452.10498191 -801.49193481  -33.30969958
   -450.55074169 -845.99849051  198.3386349   489.68381251  536.77511851
    703.69904955  464.697614    188.54062592  -19.06167803  463.02006178
    150.63251657  -60.26670808]]]