[[[   6.45150554 -112.33999819 -187.05757116 -239.86318603  126.56542128
    213.50943305  250.71712275   12.86560017   54.29088584   64.83307191
     95.79989796  203.67200314  242.41610842  299.53621771 -133.52190602
   -226.2779284  -287.9102828 ]
  [  62.15540847   36.98157659  -58.36732661   70.31024445   87.32922886
    -20.56010525   86.13932461   53.8448215   -16.43543591 -109.08811676
    -84.33415952   30.53406078  100.72209222   -7.28786005  -26.72748234
    -27.59241974 -141.68175905]
  [ -26.22938518    3.07100621 -448.99385438 -833.1057193     2.18671866
   -449.35467705 -837.26612851  209.16195933  469.38567166  496.0075771
    618.97781085  415.99316829  141.95141798 -101.85593918  450.71312747
    224.0754649    16.05845907]]]