[[[   7.56477521 -116.32184803 -145.97504337 -155.94974101  142.83396314
    252.90226134  342.40245579  -13.86672974   14.93951664   34.15724726
     58.50240851  178.1125491   225.53389295  273.13363877 -156.64071493
   -371.90819047 -268.43150979]
  [  30.50295274  -16.05387036 -120.22574239  -16.00156459   77.05973943
    -76.33091142  -19.65090068   69.04917652   59.84443212  -35.02911771
      5.60912935  121.19600219  190.1099612    64.94559085   23.06862111
    -92.38845168 -210.45087258]
  [ -89.43561662  -60.52205013 -546.72881956 -932.16758942  -57.32934226
   -466.75196153 -896.34174366  163.48764041  431.72391846  498.8059897
    628.38556713  374.18492309  150.20419567  -17.24869395  451.80640203
    308.81503232  396.83546018]]]