[[[  -8.45186882 -151.8031637  -206.38427219 -308.5159345   112.53357999
    205.13257793  207.64914471    4.95266695   34.68470365   44.36412393
     79.90740243  203.51590519  245.05055929  170.75871284 -100.81032287
   -278.7290747  -212.98981809]
  [  59.12745817   52.14502172  -51.83154276   89.92200104   66.10988254
    -26.54300849  116.71898667   66.70251345   16.36986509  -79.23366832
    -42.51721004   33.88623117  -14.58369175 -141.76039037   21.17578757
    -20.99811251 -144.69012319]
  [ -67.67149475  -41.9000559  -521.75430093 -916.67452209  -46.53636062
   -526.36874849 -917.81996923  184.62000578  455.50832412  506.84668781
    623.42182791  426.81384608  171.40459785  124.19402253  470.60775415
    274.68162869  179.79638773]]]