[[[  11.73059268 -129.33507542 -220.82452417 -258.10037876  117.89248882
    236.44144693  330.78149248    8.86760738  -17.74773648  -21.19508185
    -18.99888837  142.1410114   271.30203228  249.38251253 -172.60246169
   -252.05217981 -278.27973972]
  [  56.65158728   68.44959136  -46.28901474   65.94220705   44.85350359
    -64.54680767   76.99361825   67.88521894   22.89621212  -73.76266977
    -38.39790807   16.45541339  -87.96852513 -216.32998693   54.2177516
     94.9838824   -41.97815966]
  [ -70.82728638  -68.50842968 -530.7876321  -934.48950966  -36.26841849
   -423.75938122 -847.03126178  177.16528437  453.68176262  492.43425348
    602.64896684  436.70856979  262.36877131  373.7353193   426.62168435
    148.49067146  -98.22376039]]]