[[[  35.71781524  -84.42177624 -198.21250865 -178.82980354  134.16479665
     84.28347804  367.80049702   52.77638424   17.89865044  -50.39301521
      4.92917292  162.95545581  186.24611573   26.12590072 -119.77470763
   -154.66806195 -248.49720935]
  [  31.17342634  134.74934303   23.46299544   73.88264919  -72.40260268
   -145.5048818    32.91512707   39.57570138   17.00533114  -49.2015667
    -18.19203994  -89.85270322 -232.31021751 -283.70392059  137.67914576
    250.08919238  137.68872431]
  [ -89.78726249  -81.18827732 -439.99326273 -872.58816332  -82.58736424
   -507.55730617 -791.7497377   175.06346435  481.47983671  533.46083765
    673.58220618  458.4834766   226.9063825   110.3172095   427.63654392
    184.1854987   -29.5690189 ]]]