[[[ 1.30731239e-01 -1.30979883e+02 -1.72152409e+02 -2.47386909e+02
    1.10521975e+02  2.28891497e+02  2.72073525e+02 -2.48468059e+00
   -1.69232219e+01 -3.21672427e+00 -1.42938276e+01  1.38026147e+02
    2.98475699e+02  2.48197675e+02 -1.69671194e+02 -2.79115960e+02
   -2.65663114e+02]
  [ 6.10121158e+01  4.70956374e+01 -6.10209165e+01  6.64053265e+01
    7.49285807e+01 -4.51531938e+01  8.88500758e+01  6.59919815e+01
    1.13195550e+01 -8.31776111e+01 -5.00731862e+01  3.55045778e+01
   -1.22720843e+01 -1.46384450e+02  1.65391441e+01  3.04376988e+01
   -1.00003252e+02]
  [-5.63103751e+01 -2.51542158e+01 -5.04441316e+02 -8.89937596e+02
   -2.35797633e+01 -4.69329379e+02 -8.46346256e+02  1.85729432e+02
    4.50739956e+02  4.93411947e+02  6.22846710e+02  4.32073957e+02
    2.24521561e+02  2.87564343e+02  4.24897925e+02  1.54640076e+02
   -8.27434532e+01]]]