[[[  43.53362013  -70.05137847 -226.85964118 -216.01768008  150.58030026
    100.28115406  343.75450754   59.40007759   31.8308522   -38.01179366
    -14.88866129  145.09780444  202.40239415   41.13394357  -72.47311743
   -138.43092181 -276.359556  ]
  [  36.44349299  132.78649099   14.96446741   63.65709307  -59.89971535
   -138.58549238   38.92713074   41.85242211   19.43083818  -52.23766491
    -24.77286821  -76.36183628 -238.3594075  -310.60495296  132.07796178
    255.7567633   142.86563488]
  [ -81.14109198  -62.1702251  -420.83793623 -852.24105853  -64.1300428
   -520.93567015 -773.74593592  164.53580057  459.20852745  488.57316693
    589.63123283  438.78985623  192.14619726  306.83006615  406.68427966
    162.46377852  -85.99419703]]]