[[[  20.62651578 -117.53988008 -215.52752529 -248.9917086   122.70018735
    197.27884098  335.11866717   22.75201996  -10.51785836  -31.8006987
    -15.52423921  146.13724326  268.11026708  202.07525063 -159.95395083
   -233.93001272 -269.43528137]
  [  51.45628399   90.19166131  -22.15436793   65.28939915   12.72076322
    -76.08263496   74.27597853   58.78251513   20.13596575  -70.90170922
    -37.42717559  -14.60467807 -144.45234462 -255.26797509   78.47045144
    150.35484025   17.08762107]
  [ -58.4762317   -34.94666336 -489.90599061 -923.28902567  -32.16502136
   -418.59101589 -836.5616083   176.94915915  445.69868131  475.76524666
    563.6870908   429.24559021  258.70696864  371.24190919  419.15029063
    114.83728419 -100.14306786]]]