[[[ -39.81288527 -158.44516311 -139.87805517 -195.57933609   88.50744881
    207.78771039  289.87233795  -60.82421921  -34.74407326    7.44632423
    -23.81568783  121.93219411  160.04010218  156.96735449 -196.67317484
   -275.97165754 -177.00553663]
  [  42.2062235   -27.81562769 -141.69656487  -46.6027506   112.22810507
    -55.69729322  -21.03771495   66.8625599    33.38689475  -51.05693441
    -12.88533422  118.70892342  183.10753505   60.74376369  -33.12312939
   -111.26205758 -180.58737537]
  [ -61.81623791  -27.96189708 -470.75263922 -882.63921271  -25.12996988
   -422.07358215 -850.00766322  186.56664524  456.86664086  517.38180876
    651.59343333  431.49064273  144.82449081   38.98430213  469.26721166
    222.91177562   27.56527504]]]