[[[  30.60763564  -84.82878572 -355.75296631 -483.34892154  138.52194925
     11.53985962   10.82188303   71.02566755   64.70211567   16.2360289
     28.47243893  204.98853697  368.19081939  201.46892472 -104.77585382
   -240.04610004 -210.8215191 ]
  [ 139.35265462  219.9511415  -195.87574847 -258.17633151   58.75414928
   -390.38489972 -368.64959982  167.52799797  139.4753928    39.57989588
     84.42738638   70.90651644  -60.67363252 -131.46171167  221.32662661
    253.40184509   90.03571681]
  [-118.23683034  -83.40726969 -196.72435104 -483.69080414  -92.92029682
   -442.24793965 -780.65577698  107.20611539  371.110725    415.58623704
    559.99836262  320.19676155  178.3748227   153.39082266  320.9854062
     72.61336586  -29.41556714]]]