[[[ -20.11955317 -106.32474793 -172.87039558 -304.03670928   99.22865497
    198.62223234  228.05534275  -27.60554976  -15.99192754   26.18653584
     -8.43681596  168.41667179  204.67713637  157.66892294 -169.47587127
   -198.31837089  -81.21412271]
  [  61.49287121   11.16162291  -93.57871926   55.13138218  111.82410576
    -29.16443496   67.50926611   68.02995723    9.56199218  -79.98286546
    -42.01581901   76.23172651  118.36031607  -19.34063143  -37.76959272
    -99.55339209 -181.85172845]
  [ -54.21828614  -31.53746039 -456.85493613 -840.6693544   -30.72290965
   -447.25089794 -806.91242244  197.48183445  487.00399727  530.43407304
    700.55314879  462.63553107  156.29471098  -22.13077347  432.85949906
    151.92244456  -19.38572293]]]