[[[  23.29430037 -105.5955389  -213.02648496 -321.51632113  137.21778587
    160.3260381   209.72984821   40.42363025   16.92197614   -9.43488174
      9.08180417  205.66385712  240.86254222  124.60637923 -136.5889053
   -209.43890038 -118.24408043]
  [  63.82659129  114.44708246  -79.06037346  -41.22393546   13.20608788
   -133.48288294  -11.90468482   84.93209271   36.58924694  -56.67742839
    -16.16684168  -12.2249006   -77.50335942 -151.99522598  102.14722953
    141.92047689   13.20578871]
  [ -66.88270433  -39.88997271 -417.59033399 -849.61791312  -43.98398024
   -452.24808377 -805.79402168  188.25205046  478.61676352  528.18324149
    692.4449084   452.09064487  178.61933187  -24.75548813  426.62080271
    180.42222197  -29.66138464]]]