[[[  20.39547256 -106.73080875 -251.39335836 -322.47835375  146.58906228
    129.00377243  170.36466053   38.38640069   21.22907341   -5.66269069
    -19.35630381  219.48790348  419.76982684  243.26571883 -172.03701502
   -267.64948892 -210.06468922]
  [  61.01507855  111.98024736 -109.98364186  -61.08991736   10.04989301
   -170.93472208  -74.21210714   96.3219399    70.33681353  -28.05128736
     15.30114799   32.07932016  -63.26944688 -173.41028657  131.66678499
    145.79398579   -1.79084396]
  [-103.30047982  -71.50002565 -449.12644288 -889.7795442   -74.74216648
   -483.43451852 -888.36286203  155.30277736  426.13833565  499.33743088
    642.24304887  404.89263447  255.57201625  215.87507571  401.14199051
    170.4274447   124.44335538]]]