[[[ 2.63133997e+01 -1.03681967e+02 -2.18870062e+02 -2.82255712e+02
    1.28215336e+02  1.05965644e+02  1.97900033e+02  5.41886601e+01
    5.05674989e+01 -8.39606526e+00  4.21273001e+01  1.99765275e+02
    2.26251875e+02  6.88369460e+01 -1.28904375e+02 -1.64095128e+02
   -1.21822666e+02]
  [ 4.14644916e+01  1.16115007e+02 -5.54503400e+01 -2.10243528e+01
   -3.31860546e+01 -1.51415854e+02 -4.10983933e+01  7.23965236e+01
    4.23609382e+01 -4.05796513e+01  7.92641324e-01 -3.43224966e+01
   -1.23098865e+02 -1.70436592e+02  1.31104574e+02  1.91113402e+02
    5.62201715e+01]
  [-7.24091228e+01 -6.22433622e+01 -4.37438017e+02 -8.37800175e+02
   -3.66183262e+01 -4.44116666e+02 -8.30543926e+02  1.83708012e+02
    4.85379892e+02  5.37073730e+02  6.72408657e+02  4.58699587e+02
    1.87190047e+02 -9.72653778e+00  4.60090995e+02  1.58836458e+02
   -1.83823961e+01]]]