[[[  28.99860121  -95.29260343 -205.96689357 -313.801627    145.90051502
    170.54958679  224.57075912   41.99862707   21.1340264   -26.10214529
    -23.47219387  176.64829327  208.89881824  130.19636272 -130.66543405
   -198.0768762  -110.62273345]
  [  65.32170201  123.99540375  -55.41423101   -9.63759598    6.64799519
   -124.28101298    8.20768324   78.42856693   22.57374118  -67.91550209
    -29.94151701  -34.14060097  -97.24204239 -168.25930985   99.09576809
    150.60111329   22.44974677]
  [ -65.1225219   -31.58954608 -446.44193186 -852.18595846  -63.27307373
   -451.00108927 -803.71342168  192.91173994  492.68196412  532.57880118
    680.89444885  466.49888203  158.20676648  -15.89184479  467.88206516
    159.50464157  -20.53975302]]]