[[[  47.02265209  -79.97483127 -287.3678781  -193.98754541  168.43565993
    158.4231553   374.26783751   53.78013704   33.79089851  -39.59476286
    -17.31640628  161.49334022  277.57867686  107.02856061 -123.37899302
   -218.03409486 -360.95838002]
  [  53.41084641  141.68583713   -7.40734896   80.86012541  -34.86422207
   -138.80318956   63.04291299   58.33304884   19.42531502  -60.96150282
    -32.03726695  -64.30818153 -219.40028928 -318.39306621  128.41246772
    228.23215484   85.18033563]
  [ -96.71234505  -74.61830843 -453.16712024 -836.23752888  -74.15834406
   -530.92326585 -835.28766338  161.25111484  424.31290095  495.09647648
    656.76119507  402.54825969  195.57911841  233.25811227  401.32600628
    184.85526      86.28657572]]]