[[[ 1.07459707e+01 -1.22811516e+02 -1.77332840e+02 -1.67025315e+02
    1.40235751e+02  1.82752968e+02  2.90152625e+02  1.58797040e+01
    1.23563824e+01 -1.07118078e+01  4.51216503e+01  1.82656062e+02
    2.26305030e+02  1.85952234e+02 -1.58583048e+02 -3.44704031e+02
   -2.95075951e+02]
  [ 4.66847128e+01  8.55473255e+01 -3.94976754e+00  1.29764368e+02
    7.82210891e+00 -7.99133801e+01  7.28262546e+01  6.64342218e+01
    3.58274376e+01 -5.24853035e+01 -5.23264699e+00 -5.50281747e-01
   -1.22126788e+02 -2.25407641e+02  8.94356784e+01  5.12568401e+01
   -9.79109375e+01]
  [-1.08317755e+02 -9.55029636e+01 -5.70049391e+02 -9.69663235e+02
   -9.47058015e+01 -5.38212723e+02 -9.64746166e+02  1.60783507e+02
    4.48999296e+02  5.20853818e+02  6.53241298e+02  3.92078979e+02
    2.18747070e+02  1.74778375e+02  4.67478662e+02  2.81072763e+02
    3.71652634e+02]]]