[[[  46.7770148   -70.12529897 -356.70149133 -502.8309563   155.50931065
     26.32295685   24.36207192  101.20784388   95.92287971   69.07050351
     90.20876172  237.74760311  405.94501071  230.77649727  -49.57791983
   -172.22066974 -115.33875589]
  [ 115.01009218  192.3934228  -225.93549119 -287.79064773   37.62671538
   -408.04321594 -392.24761354  159.70446586  145.20553114   48.96798838
     94.47392245   81.7368913   -45.273056   -102.71358547  219.24745809
    234.65190479   81.15408172]
  [-130.87350436 -102.69770356 -235.49934605 -566.29841087 -115.24339565
   -457.6130915  -815.54768628  100.3092      344.4694352   418.85231965
    540.83923226  319.51485692  179.275348    187.9986853   350.20669862
    145.77945399   72.54611371]]]