[[[-1.36623193e+01 -1.33662825e+02 -1.13566430e+02 -7.45878372e+01
    1.26677656e+02  8.83682515e+01  6.44082597e+01 -3.87884245e+01
   -4.45407268e+01  3.04804467e+00 -4.29931660e+01  1.23087362e+02
    2.49213621e+02  3.11588895e+02 -1.71782380e+02 -2.49344061e+02
   -1.32866620e+02]
  [ 9.11947418e+00 -4.84885297e+01 -1.21671646e+02 -4.40248726e+01
    6.67273799e+01  7.00818194e+00  1.02327771e+02  5.13996517e+01
    6.28544396e+01 -2.38973685e+01  2.72328296e+01  1.29860351e+02
    1.82855198e+02  5.55882920e+01  4.83532843e-01 -1.94331150e+02
   -2.76091922e+02]
  [-9.47265194e+01 -4.97386466e+01 -5.26622304e+02 -9.28303999e+02
   -8.42437472e+01 -5.29403773e+02 -8.91196234e+02  1.62319806e+02
    4.66444709e+02  5.24556424e+02  6.43792578e+02  4.04927944e+02
    1.36112803e+02 -1.11864011e+02  4.49986619e+02  3.40666451e+02
    4.47226036e+02]]]