[[[  46.42893467  -80.83985445 -339.32614335 -490.17982873  136.13977834
     -4.08757931  -44.30317625   98.26135994   77.06578299   48.54883657
     36.07160133  214.99978456  383.33596083  211.22886175  -31.7543588
   -101.29297906   32.94215006]
  [  99.64236094  178.26462493 -217.0679203  -269.93419863   21.02012409
   -399.43318181 -390.48361225  141.52265102  126.88781566   38.30991721
     82.86870171   59.3508989   -29.21615649  -45.02157371  205.78640917
    237.25242244  109.21181678]
  [-105.5495869   -57.96173195 -295.63722495 -599.7396471   -94.55175753
   -454.12522504 -846.47522678  120.33747682  364.7506224   429.35102962
    560.29741933  371.96225741  194.71879661  127.61804124  343.46457355
    127.91379508   83.59318243]]]