[[[ -27.2846119  -159.57727368 -342.06732842 -272.98680625  102.46738319
     -6.62921308   -3.41519821    2.06423012   -7.7895513   -62.0464226
    -49.61670307  143.734647    322.26333359  154.80595311 -154.17604872
   -317.80352797 -318.47317682]
  [  81.29423622  164.43198118  -67.30388068  -61.97975788   -1.8434193
   -204.00848356 -119.47912871  111.68085471   81.82086373   -6.37207087
     31.23471862   12.29046373  -91.85605983 -177.06598772  173.62918157
    226.35172198   85.13845435]
  [ -95.87728647  -88.34706866 -270.32621463 -820.5168782   -93.98117161
   -524.92300742 -921.72473712  151.79414477  383.12788356  477.59094479
    585.63658018  359.6549492   201.00924837   57.49579832  329.18052108
    152.50331044   91.65867245]]]