[[[ -11.87137507 -132.89310952 -231.43825802 -266.71436127  104.08790266
     85.41658859   89.22605854    6.43785652  -12.11553198  -40.69248672
    -53.75940576  176.54178211  271.30179167  333.27466154 -161.75968347
   -201.16843497 -286.76248096]
  [  37.70468689   98.27012292  -45.64486462   13.57182693  -22.86077139
   -131.24994612  -53.43410564   59.15199917   17.58996109  -69.5094351
    -37.70554371  -24.73092251  -44.35657385 -160.58118655   95.25423027
    209.26887695  129.77720545]
  [ -46.0888342     7.05268564 -436.45388801 -830.66662228  -24.13022363
   -443.8815521  -867.00083954  195.4736072   458.5250021   509.70097083
    641.36753632  434.23953448  171.2857257    25.90199764  436.54797364
    195.27890603  -67.65464561]]]