[[[-4.05308373e+01 -1.43207340e+02 -1.28935133e+02 -2.69941253e+02
    7.71242358e+01  1.96576170e+02  2.21910115e+02 -4.61724804e+01
    1.65339842e+01  6.72585841e+01  3.31533703e+01  1.20543861e+02
    1.37695134e+02  1.05308502e+02 -1.29047715e+02 -1.56735451e+02
   -8.09784803e+01]
  [ 4.23894956e+01 -5.20689505e+01 -1.19375180e+02  1.44711600e+00
    1.36847924e+02  1.42193142e+01  6.34365037e+01  4.54268421e+01
   -3.46408970e-01 -7.01382829e+01 -4.11855232e+01  1.14030748e+02
    2.18743971e+02  1.21445659e+02 -9.52673478e+01 -1.80239456e+02
   -2.05702601e+02]
  [-5.16091507e+01 -3.20995178e+01 -4.29277475e+02 -8.46365869e+02
   -3.23044194e+01 -4.49869440e+02 -8.19110397e+02  2.01015171e+02
    4.88325511e+02  5.28907508e+02  6.74797646e+02  4.62833699e+02
    1.53763038e+02 -7.09537490e+01  4.64277219e+02  1.90472682e+02
   -2.04942333e+01]]]