[[[-4.19661503e-02 -1.32696685e+02 -2.17183334e+02 -4.58720378e+02
    9.70287055e+01  1.71467420e+02  1.30063845e+02  5.40197390e+01
    7.50757187e+01  4.76133574e+01  1.13601920e+02  2.49996252e+02
    2.89671305e+02  2.61767664e+02 -6.05431514e+01 -2.02883957e+02
   -3.16645325e+02]
  [ 4.84057212e+00  6.67481085e+01 -8.74092699e+01 -8.40159697e+01
   -5.70669759e+01 -1.35263475e+02 -8.64214166e+01  6.73967112e+01
    6.99747055e+01 -1.16448082e+01  3.29912267e+01  4.78289595e+00
   -1.02871095e+02 -2.13426583e+02  1.47782788e+02  2.30458444e+02
    1.28884961e+02]
  [-8.48906202e+01 -4.45621784e+01 -4.80249807e+02 -8.69139663e+02
   -5.18750978e+01 -4.55876489e+02 -8.97361709e+02  1.66607118e+02
    4.44165433e+02  5.29981707e+02  6.93406890e+02  4.15432159e+02
    1.85620080e+02  7.85207963e+01  4.25323124e+02  2.38094366e+02
    7.86204474e+01]]]