[[[  14.71431034  -86.6399357  -240.2640466  -267.52254402  111.34628727
     61.74647054  336.80000941   37.65245011   28.54013759  -35.37702068
    -14.79715021  150.98581381  314.47794168  252.66432957 -118.00656084
   -194.67622306 -334.65452945]
  [  18.00571118  102.67601038  -25.3761787    23.09726496  -66.66478618
   -149.44190974   28.68759895   41.51807186   36.02531004  -39.73792322
     -4.34533244  -40.5256447  -178.98212875 -301.53091087  135.6091104
    259.59477742  156.50787876]
  [ -85.39906716  -58.47355834 -457.00376463 -893.89536235  -59.52284815
   -522.07741943 -777.01570042  160.53937192  439.82787009  495.03198741
    630.55674944  422.19056828  242.13728565  320.93509373  385.59961539
    142.03589989  -38.89140647]]]