[[[ -37.85815884 -147.1859939  -178.19629828 -273.14689356   83.25235469
    195.2421931   268.90871759  -42.90299091  -22.51031422   38.42997212
     24.28703291  155.87299213  156.06758214  150.04421075 -171.98583401
   -199.91367624  -40.73607307]
  [  56.80737561  -11.88478342  -84.15297185   36.70045185  125.49952205
     -5.36199178   61.05679532   56.42186274   -1.82625538  -82.89638605
    -56.33510777   88.56491827  168.85372719   45.20047091  -69.55665164
   -146.5537722  -191.71783708]
  [ -41.06541181  -12.76373684 -444.44320997 -863.95714645  -11.48138841
   -465.12284205 -834.61258406  199.07528087  469.48393584  502.76336366
    622.99727108  447.33462691  209.0017195     1.01814083  444.38419896
    174.57927725    4.45497947]]]