[[[ -12.83184325 -135.02927462 -363.14249143 -284.24314656   99.18991916
    -22.14933161  -21.16746352   33.21148336   32.59704172  -13.15053086
     25.2808445   218.489415    366.59516843  192.62364429 -148.94116051
   -244.34631118 -273.08738005]
  [  57.22732601  148.78612598  -87.12445322  -69.77451442  -34.33146254
   -234.9908812  -155.27966951  105.1850824    92.11076028    3.7875395
     46.47975392   15.11637525 -101.01692411 -191.33300258  189.84233155
    253.84657955  106.76346298]
  [-107.33983833 -104.56060138 -358.49199846 -850.55314562 -109.39208902
   -522.84185047 -924.34932055  145.82630749  379.03955384  495.50284376
    589.79291708  353.59854683  166.91221271  125.0932192   356.13667383
    131.07264871  107.43855629]]]