[[[ -57.80860598 -137.61875178 -181.12608561 -477.07049333   11.30618716
    235.22664571  120.54233962  -22.81510845   63.60639818  153.97661219
    173.38720216  128.34984085  194.66358163  267.11100473  -18.87091373
   -154.20333598 -225.30361965]
  [  54.71827255  -59.99856981 -100.69099456  117.12299728  169.43518103
     82.50462423  142.09039711   20.71828573  -52.60573846 -102.40597197
    -94.69327833   89.00866494  247.13231886  203.52590957 -155.51407632
   -230.47006853 -304.95356563]
  [ -68.03794557  -76.58958514 -517.29820479 -749.47324279  -74.89313281
   -399.70358794 -829.42030669  190.77991653  475.63344732  489.96578751
    641.56645202  455.406105    194.85064042  124.2909852   414.60038945
    180.56545831  -79.8129699 ]]]