[[[  -3.81376366 -124.15684142 -107.96470798  -69.44163814  130.63153418
     92.27048593   68.1568266   -37.04268298  -47.18186926    2.41387535
    -44.31457764  119.02616592  206.27014172  263.92034819 -170.50588433
   -194.83038795 -121.87959581]
  [   9.57397078  -63.83107815 -112.14010947  -40.8509607    82.97892326
     30.39198238  123.35416899   42.9798685    42.86287761  -41.246518
      5.13812117  127.41526791  204.94397013   99.71702409  -32.66142187
   -213.51813129 -276.95518499]
  [-100.59559405  -84.76872485 -538.75208118 -983.48322924  -84.05609917
   -534.60444086 -905.67864606  165.32607109  476.92685904  535.5683263
    656.1888296   452.49122967  234.81447872  -56.24900906  422.98939972
    304.86153053  403.90860772]]]