[[[   9.91835162 -110.54259449 -117.65167729  -97.96337406   91.28305431
    172.66343725  327.57565051    2.79966189  -43.42171811  -73.12702654
    -55.19525315  114.37382053  201.00355538  227.58098103 -158.14871137
   -223.53493095 -328.02223956]
  [  20.56884724   76.19002078   51.09852377  178.52582625  -35.05234812
    -49.4168472    99.11584642   19.96375739  -26.34135101 -101.55011978
    -72.99963846  -74.0962131  -115.94698381 -222.35214558   52.52607553
    153.51837111   59.04478421]
  [ -34.082756    -25.99903508 -519.34688419 -855.45516751    6.87210429
   -454.05469097 -844.02842938  206.84531964  474.13550623  517.06661629
    664.39943551  454.07700573  211.25668462   23.33483364  449.590877
    169.14865781  -24.45214473]]]