[[[  53.8443357   -57.40897063 -212.50471536 -150.81729257  130.7302304
    161.24391252  461.14245372   60.53532609    2.46969409  -55.90676627
    -10.99345823  149.88254984  162.4211078   -48.73860257 -102.3416841
   -167.13167473 -317.95355021]
  [  42.78764887  142.40768325   35.66911797   98.17643237  -56.8325397
   -125.21510212   85.24968567   43.17804642   18.3393009   -51.93464755
    -20.4516997   -87.13639724 -272.10929101 -337.27145414  134.94100909
    234.10818537   96.2256688 ]
  [-108.12672889 -116.67369819 -399.82480766 -831.58751233 -117.03801672
   -503.5784909  -785.64878944  157.25257845  457.09013869  511.70028039
    650.3322524   436.84873037  213.45999188  292.5435818   430.21060014
    113.67500834  -59.74080405]]]