[[[ 2.10834028e+01 -1.11706762e+02 -2.26534699e+02 -2.97185539e+02
    1.22654437e+02  1.43489661e+02  2.00780123e+02  4.74027185e+01
    4.42764630e+01 -1.76415983e+01 -4.48807870e-01  1.95681649e+02
    2.27680854e+02  1.11917172e+02 -1.04063076e+02 -1.73516832e+02
   -1.33024644e+02]
  [ 3.89320474e+01  1.13055448e+02 -4.34161297e+01 -1.11619215e+01
   -3.51913741e+01 -1.35910999e+02 -1.36670272e+01  6.44506350e+01
    2.70004833e+01 -5.49142958e+01 -2.10335398e+01 -4.71622538e+01
   -1.19430456e+02 -1.72277611e+02  1.18729275e+02  1.98269390e+02
    8.02991231e+01]
  [-6.13815056e+01 -3.23376452e+01 -4.50487658e+02 -8.55808892e+02
   -3.57630255e+01 -4.55476254e+02 -8.08711373e+02  1.92461736e+02
    4.91005507e+02  5.33114032e+02  6.79270754e+02  4.35882144e+02
    1.86807208e+02 -5.74566322e+01  4.67798260e+02  1.95998439e+02
   -2.11891706e+01]]]