[[[   2.81184138 -146.7403402  -117.63015273  -98.45381632  125.21915352
     70.93570889  115.02592792   21.79369955    7.85790441  -16.60383193
      4.8399593   164.89186302  322.91507041  227.60949254 -143.0216583
   -223.65194259 -309.79716987]
  [   9.35752341   61.92848516  -26.03559268   69.32387879  -43.21352719
   -132.71558412  -29.07138428   48.53641996   41.81829832  -43.55061917
      2.69900187   -1.02916498  -96.65720351 -212.29538307  108.21535285
    182.32208837   58.67241182]
  [ -81.77013836  -64.41988991 -526.93706906 -924.92844852  -36.09436201
   -490.48383875 -880.36619187  171.85335404  464.36783937  524.82708085
    647.01891992  444.02748159  231.00517756  298.08638261  438.5179478
    164.92926028   -5.86450177]]]