[[[ -20.46436049 -147.5262195  -129.43831028 -135.10666271  105.0773198
    216.62356015  300.76566177  -44.70727872  -26.89692846   -5.63103243
    -21.74340113   98.37084324  216.80924793  216.91249443 -191.52674956
   -303.86284186 -198.45801377]
  [  51.2686435    -4.43709449 -133.30577493  -28.07997789  106.97432796
    -65.74087475  -14.56751617   75.14906444   37.73148054  -54.37461811
    -16.81775906  107.92040884  174.49712057   45.66544959   -8.59788506
    -93.63343867 -194.64964716]
  [ -63.61487534  -41.15382117 -481.62383985 -857.03317347   -6.18549531
   -441.84998331 -859.17366256  181.14168291  469.93939379  506.71120785
    634.0046777   447.38179506  164.11030896  -22.90740616  415.15959989
    173.00012179  161.5322629 ]]]