[[[  33.70855524  -91.78498155 -297.78381493 -202.23737561  157.05234304
    145.25794326  358.8244002    34.97416599  -20.03951125  -64.17048541
    -33.36262729  144.34198188  212.05198346   36.5693253  -140.69369146
   -268.19597494 -298.28554866]
  [  77.56600659  163.50266143    6.04732436  100.86084478   -8.3707471
   -127.63121773   88.558747     71.55918357   18.89993748  -66.83939098
    -35.84668161  -64.38519865 -226.3380646  -297.76822851  124.83029529
    206.05880568   53.73016989]
  [-100.35712901  -73.25056251 -445.2588733  -826.85239282 -104.42809504
   -523.66948524 -824.9112364   165.16702282  457.78165904  505.26882259
    658.84179191  404.11090485  194.75615821  233.12346793  434.21192127
    182.71581163   23.63505627]]]