[[[  -6.66858448 -129.93038971 -204.11244502 -288.75716632  113.81977
    198.13798141  235.17288345   -4.75675221   -5.77353589    7.32889374
     -3.66912692  181.797686    217.81063224  111.93965381 -160.7274303
   -190.32219976  -75.38631298]
  [  86.06400712   77.68209976  -85.36808629   41.8312252    94.44590116
    -70.30399007   57.00427693   88.9350316    17.12165615  -83.17907862
    -43.79364875   36.91122659   23.52353284 -103.09633781   15.19226989
    -20.68264352 -132.41605133]
  [ -56.65734294  -35.23128046 -450.43015844 -836.71620626  -36.40675359
   -446.4756875  -798.66490512  196.59884667  478.12116054  524.28759223
    688.18126218  452.88477394  177.59946281  -23.62636139  452.06085403
    144.6985569   -26.47671605]]]