[[[ -15.40226056 -119.28380689 -159.43393906 -299.93404245  116.32497048
    134.68798029  209.27024986  -21.4896748     4.64175349   38.78982941
     13.5293387   154.71275575  194.26360543  188.77890613 -149.50916314
   -182.35583927 -105.69276932]
  [  41.27025209  -12.47888904  -49.74828468   89.85128108   95.01939992
     20.30843334  104.41406941   43.0027276    -2.49206523  -80.72884414
    -45.81925619   69.2901997   118.10768476   -4.01080565  -53.10978789
   -129.03777048 -203.43631838]
  [ -40.44516847  -13.22667736 -500.30291174 -904.76696917  -11.03207389
   -461.36803503 -909.47540707  195.54432122  478.7986638   502.06931851
    605.92974732  427.13537297  188.13384832   96.51754827  455.8475458
    188.76928024  101.32694154]]]