[[[  -7.54063853 -135.43973352 -172.22169122 -219.60328444  105.38304454
    187.66018147  226.65959485   -6.46160019   22.61032019   18.13267906
     26.92552465  175.17571032  223.13104452  298.09872992 -165.2608152
   -254.15908308 -318.959543  ]
  [  43.05233117   24.66832877  -58.88532083   63.33589285   61.43631945
    -38.88813555   75.91971125   50.09618239   -3.35048563  -94.52618768
    -61.49189017   31.84708121   73.51313855  -37.30745757   -5.44119853
     -2.03996373 -121.67951272]
  [ -41.44662663    9.69127009 -476.61022568 -865.80508741  -18.05594394
   -477.02273239 -867.50718663  202.02162165  459.79852194  513.24201683
    667.71735205  435.84631831  198.33269075   -8.45352932  437.96731834
    206.60105423   33.25821423]]]