[[[ -15.67427057 -121.59082886 -199.64019408 -302.91507338  118.99855372
    129.38843687  158.9793553   -12.35219503   10.00334615   42.73872677
     18.00275146  196.06197093  242.51927674  284.08154094 -146.69434651
   -226.44430058 -160.75048872]
  [  47.85385569   10.56493213  -41.07445602  119.97310994   85.14276307
     24.74158652  141.51076953   41.54634391  -14.33929595  -99.56444127
    -68.07506223   45.87545914   99.68178969  -24.84560575  -46.6761401
   -110.40094683 -209.64435079]
  [ -38.1962052    11.17922354 -495.10063652 -851.51758122  -17.69226691
   -496.85848479 -897.15555081  201.0794914   466.64520231  505.91984247
    650.58372711  442.77241713  174.61651742   33.04591871  417.13963876
    211.63867042   88.42746812]]]