[[[ -39.79336569 -147.79194088 -177.22729801 -272.01896336   82.45474652
    195.06543674  267.90713915  -44.64956058  -21.92361535   40.12074921
     24.97984215  155.82164736  154.23454961  149.29243345 -171.3252121
   -199.48883326  -39.97993199]
  [  57.82386088  -11.5787669   -88.88828321   30.97953525  127.22648378
     -7.07843442   57.580768     58.40989659    1.67410279  -79.13157726
    -51.35908719   92.1906725   167.88024697   39.57719603  -67.35741681
   -146.45206865 -193.20363045]
  [ -40.3918651   -10.39083234 -439.5638513  -858.03028365   -9.3843687
   -460.67963741 -828.94192426  198.64568054  470.21956092  502.49432732
    623.68279971  447.01642044  176.47340608    1.26112731  445.73929924
    175.71712302    7.76424221]]]