[[[  29.38217392 -117.05897566 -244.73424732 -313.4347596   153.94031865
    134.08781823  192.19955474   56.99822169   38.27863923  -25.54695921
    -10.17353085  191.51840062  221.63187025  101.35914819 -110.46772521
   -140.26997062  -96.87654068]
  [  40.45333992  124.11890051  -54.62571773  -29.27173742  -43.21220695
   -159.25495425  -37.0639148    67.84970409   30.78202396  -51.42182677
    -15.3849111   -55.27827561 -133.07612165 -171.32010068  134.6291412
    225.96766887  108.6246276 ]
  [ -82.65031653  -70.19963043 -455.25242954 -829.06435171  -72.75973667
   -463.25841467 -820.56333596  187.02071136  501.62694184  550.36022948
    696.16029345  474.54144415  191.45066972  -58.22717826  476.76276478
    196.21446502  -24.18860929]]]