[[[  19.09617127 -107.72453024 -210.68161388 -318.82727104  136.00051234
    162.10901758  208.74231137   33.59244647   16.52341719   -3.56529593
     10.70999875  205.14192857  239.25380238  124.41583173 -137.9566121
   -210.95212094 -116.75467174]
  [  66.25035995  107.76857376  -84.89902664  -26.00229315   24.73212254
   -124.94269623   -1.0413028    86.25393927   34.12376009  -61.11153832
    -20.02759533   -3.29370185  -56.87712143 -144.70947098   89.47183082
    118.55414996  -11.83041316]
  [ -63.63212365  -34.84707476 -444.68505378 -842.79337941  -38.52852841
   -447.6810248  -797.71367104  190.07491288  481.62512606  528.61382908
    694.81280308  454.25175593  149.32634592  -21.71463655  430.38546667
    183.59199896  -22.91507623]]]