[[[ -16.4529067  -156.423154   -192.4474013  -241.12774924  115.38730014
    204.46827912  240.01297175  -13.26661588    6.47185337   27.25186627
     44.31953979  156.38855872  227.57885897  266.18466515 -148.03447974
   -234.03278887 -288.74645385]
  [  59.6488821    36.39843791  -80.7397209    41.17959399   82.89930244
    -55.46425451   46.88236779   63.9627834     1.94122191  -92.9372779
    -60.75478889   44.48983005  107.09000607   -9.59347916   -9.24853249
    -29.34244713 -146.643084  ]
  [ -40.76351832   21.44052409 -446.48975333 -827.82937805  -33.64373888
   -447.42061053 -831.33027974  203.01288134  464.8743215   511.83178452
    669.83314193  438.1466591   135.33948864 -114.5611133   444.24516476
    214.61315221   48.43687355]]]