[[[  27.80370005 -100.38722868 -250.06964824 -328.2411625   134.78472827
    152.61570508  210.8020132    51.80379488   19.04439672  -21.21288029
      6.83057599  203.91600705  238.21459421  122.41432888 -128.53599031
   -162.25921825 -119.12910145]
  [  44.95809393  120.60038418  -56.38301958  -28.70915855  -30.68422608
   -145.64887458  -20.56968464   69.60686666   30.94128582  -53.54756188
    -18.09542259  -45.06307775 -124.68082077 -177.52669704  125.13793911
    206.81160385   87.42900799]
  [ -67.8787139   -38.99437251 -449.42533991 -852.40740803  -41.78589052
   -454.18550007 -804.50711012  189.27491446  482.7879606   533.39874746
    697.93549415  456.57265927  183.489081    -21.68710933  430.74167181
    183.87256706  -29.18903596]]]