[[[  49.00219422  -65.01196925 -219.75055391 -282.2480635   167.80401682
    145.44352556  199.82130057   60.08775383   10.21990099  -28.2703518
     -3.34706273  193.30835431  221.73912721   63.92105295 -135.78012247
   -170.41568109 -125.70382549]
  [  70.12505929  145.95135261  -41.62205356   -2.59616725   -5.70121703
   -138.51887432  -23.32971334   77.72629051   20.2738698   -66.53312727
    -32.48223095  -54.6763637  -136.24661503 -179.75198581  114.74944664
    182.33217212   48.95383906]
  [ -66.59875235  -42.40056451 -411.33054015 -804.11308067  -44.72714744
   -451.69966604 -838.51457601  190.26405979  472.73367093  524.25439213
    684.31135414  446.62950756  173.4894722   -27.80305471  448.07194922
    174.9207897   -33.65427093]]]