[[[  29.91944547  -99.30623038 -198.08486949 -186.06571865  129.54719343
    122.71249116  347.50936968   44.46293739   45.06228785  -30.05465087
      1.66947541  194.97957878  235.40966208  155.27105125 -132.49877096
   -204.13875261 -256.79571639]
  [  29.04025874  106.8658908    -8.45176972   63.73196795  -48.78542889
   -129.20097901   53.38975241   42.90861545   11.40689341  -64.18221005
    -30.35483968  -64.15752527 -155.43432566 -236.96206662  106.72961554
    193.19846783   77.53905765]
  [ -61.69846221  -17.26583426 -468.48392457 -859.76153837  -45.94476695
   -502.58123698 -781.92259701  188.86760389  470.85380979  526.38069908
    685.04741237  447.08200065  210.68003856    4.33272743  419.15816443
    181.06448386    4.0808245 ]]]