[[[ -38.437793   -156.02574384 -187.94919216 -287.77418713   76.64196092
    179.48409734  208.14345303  -34.84655661    9.95645248   62.29350495
     60.29696562  155.18033826  201.97205789  285.57137442 -143.19628886
   -252.65814426 -149.64314372]
  [  54.34381448  -17.49693177  -87.06373541   52.78108039  126.18461488
     14.96263274   96.7654082    51.69927807   -3.70593446  -82.63072711
    -55.6547645    91.37292547  163.13583889   34.8252204   -69.15735554
   -142.66350652 -230.3223809 ]
  [ -54.88025507  -25.63802688 -491.26013115 -885.08562656  -25.3466638
   -487.51160524 -891.08341595  193.11046306  460.11899599  503.71831761
    643.07737068  436.47610258  175.91336357  159.53533541  438.51455359
    203.81548156   36.72974636]]]