[[[  -4.48923784 -122.79794733 -364.00658914 -285.72863761  104.64561027
    -19.87208086  -11.62725235   44.15560685   39.77822203  -24.31163558
     -5.00623564  186.11352719  336.06117163  154.06856341 -105.13615963
   -192.22082935 -252.53442166]
  [  49.89007444  154.61434637  -53.7076161   -44.80751897  -54.83413332
   -220.79322398 -136.52224361   92.50013561   83.71754823    3.17797174
     42.28638147  -10.96173561 -150.17401946 -221.124381    197.07705045
    287.19580939  143.61545741]
  [-110.77076802 -115.39549424 -345.43926741 -860.62653721 -119.62580825
   -546.3238492  -957.50171654  145.4547069   378.38392305  495.25750162
    592.30314499  354.99445679  199.48607961  168.65763779  354.11368828
    124.35751869  106.25879716]]]