[[[ -36.69659161 -152.49530722 -182.76723282 -280.08962892   80.06931966
    185.0099102   212.10603911  -33.33718694   12.3060407    50.97591018
     25.47389003  158.65615266  189.94496127  147.11820205 -138.89610592
   -166.90645047  -89.52979031]
  [  65.89696024    1.60981195  -77.29036619   61.65237822  130.18410795
      5.23531054   93.72626498   56.64636726  -14.18482827  -98.35009269
    -69.10112413   71.30229051  142.57788335   27.0067973   -74.42349578
   -134.41197798 -192.62715213]
  [ -40.49743947   -2.12441603 -463.4744411  -850.17970942  -29.63825802
   -454.91694754 -817.18728089  206.72708537  483.27449773  518.47697587
    666.58928253  459.82885831  184.80925535  -28.58311614  458.04718575
    151.45514827  -26.41245949]]]