[[[ 2.85077673e+01 -9.82615875e+01 -2.13483428e+02 -2.79236603e+02
    1.34133596e+02  1.15500974e+02  2.10147715e+02  5.19619733e+01
    2.02839091e+01 -1.04821935e+01  4.56900870e+01  2.03236290e+02
    1.89339531e+02  2.57840886e+01 -1.27335751e+02 -1.57068657e+02
   -6.87301643e+01]
  [ 4.60076178e+01  1.15880567e+02 -4.67062529e+01  5.24472713e-01
   -2.38653569e+01 -1.29866477e+02 -1.85013247e+01  6.89726818e+01
    3.37258308e+01 -4.90561537e+01 -8.60105185e+00 -3.99907353e+01
   -1.31178775e+02 -1.58425488e+02  1.17296417e+02  1.68955475e+02
    3.63432333e+01]
  [-5.87049703e+01 -2.81614812e+01 -4.39228727e+02 -8.05068466e+02
   -2.98048157e+01 -4.49799055e+02 -8.37214192e+02  1.89256626e+02
    4.63405770e+02  5.28221822e+02  6.77984413e+02  4.65059379e+02
    1.91926963e+02 -6.89610624e+00  4.38184569e+02  1.59011438e+02
   -5.77422285e+01]]]