[[[ 4.05366126e+01 -7.90877231e+01 -8.93689366e+01 -1.54945476e+01
    1.75003123e+02  1.04478210e+02  6.63535823e+01  4.14349951e+01
    8.91646171e-01 -3.29579719e+01 -9.61661761e+00  1.68798061e+02
    2.41707201e+02  1.16799621e+02 -1.62874264e+02 -2.60770011e+02
   -2.56819344e+02]
  [ 7.15248922e+01  1.41557342e+02  1.93541487e+01  1.12351974e+02
    1.49248209e+00 -1.36258686e+02 -4.48329623e+01  7.55594459e+01
    1.76370731e+01 -6.84725763e+01 -2.72836869e+01 -4.25849750e+01
   -1.38472548e+02 -2.14000844e+02  1.03620779e+02  1.31262724e+02
   -1.41586627e+01]
  [-9.46298318e+01 -7.57773397e+01 -4.61694935e+02 -9.28290910e+02
   -7.68134568e+01 -4.59446994e+02 -9.30004629e+02  1.72614496e+02
    4.61744340e+02  5.21246092e+02  6.64149867e+02  4.04840303e+02
    1.48013440e+02  1.34413344e+02  4.70571775e+02  2.27260259e+02
    1.86042482e+02]]]