[[[  18.60115992  -87.65818535 -360.27855485 -523.15335327  134.80139416
     12.38103421  -31.12288638   87.97130128   85.17268517   22.90838574
     36.82266782  229.36153741  381.86776793  235.83817379  -23.24278943
    -90.78949119 -170.41818746]
  [  28.30118097  143.09307769  -62.2774227   -92.80389503  -86.49061534
   -213.70807061 -174.47706841   70.10092175   63.53848994  -13.22778096
     17.89480493  -44.83413712 -179.27387194 -247.49176758  192.3662926
    349.28274002  263.91711844]
  [-100.24932346  -62.43771771 -341.45281732 -681.98167896  -70.16045187
   -534.9879235  -933.45405946  151.97750446  437.30372459  499.64542668
    621.47952349  412.91877303  220.44604     133.10363405  415.45302698
    179.74684271  -31.11474353]]]