[[[ -15.36465554 -125.99048134 -160.80461336 -284.5110306   107.13143176
    201.045026    276.41929181  -30.90254765    1.22574362   24.98523102
     37.13322584  144.72988645  217.97399206  296.85485908 -153.36819249
   -347.20497114 -210.63416765]
  [   6.49746574  -34.0240404   -91.45473948   37.62425904   47.01881883
    -48.91070079   25.83582901   47.49830438   68.42893612  -20.80484435
     24.10486646  123.1253083   194.35492288   64.17604898   24.14008609
   -187.84225874 -284.27641666]
  [-102.79317133  -82.44652613 -527.46458117 -905.13203093  -85.92588278
   -528.13788518 -915.68002713  143.49778074  390.48578857  475.46450323
    594.34798836  359.02503628  100.39320554 -140.02899334  414.87827425
    467.09976231  656.16661149]]]