[[[ 7.82205463e-03 -1.39245974e+02 -1.80125197e+02 -2.55302158e+02
    1.36971304e+02  2.26564813e+02  3.04937113e+02 -9.08799477e+00
   -2.87994527e+01 -9.97110061e+00 -2.56029685e+01  1.27956372e+02
    2.95450720e+02  2.84115062e+02 -1.82476798e+02 -2.90007001e+02
   -2.74435835e+02]
  [ 7.46125455e+01  5.25807963e+01 -9.26717312e+01  1.68543541e+01
    9.66442977e+01 -7.19036730e+01  2.16666177e+01  8.34463436e+01
    2.71261385e+01 -6.84454835e+01 -3.23988842e+01  6.03096190e+01
    1.86232845e+01 -1.20743551e+02  2.27315299e+01  2.45513240e+01
   -1.13581647e+02]
  [-6.52614433e+01 -3.82309209e+01 -4.75263845e+02 -8.96199827e+02
   -3.34825280e+01 -4.01128752e+02 -8.50849366e+02  1.77091979e+02
    4.39700113e+02  4.86359758e+02  6.11721565e+02  4.23127515e+02
    2.47488937e+02  3.16397115e+02  4.11068606e+02  1.08626602e+02
   -9.75596439e+01]]]