[[[   7.50182102  -69.42741492 -148.92768707 -247.56399197  143.54317839
    -97.95992449  -84.79072403    7.15232      55.48194924   63.53601796
     27.09767621  188.95245344  292.97124248  387.05766461  -90.16260529
   -281.74579519 -159.31674544]
  [ -32.38738366  -68.54384598   -4.54727066  115.04246418    3.76899963
    122.99158088  275.67441493  -14.46846705   13.95552219  -53.32667965
     -9.85422631   64.51616243  130.18914954   25.92876026  -27.15822521
   -225.94551942 -317.41160039]
  [ -63.55978929  -97.58242814 -591.31609735 -927.23903917 -100.77338937
   -600.82643826 -948.02119271  158.48165665  349.18537566  465.70052068
    520.72775596  292.95758254   47.09158147 -128.943161    376.71774538
    432.08816035  579.83345181]]]