[[[  23.15707949  -91.77541733 -284.54357869 -321.45305892  153.28749013
     41.0237418    34.14973786   63.30328087   82.2459798    29.59233681
     42.33993463  242.93671056  438.52514237  301.81592471 -108.48458288
   -287.48238529 -242.58563879]
  [  53.64996479  131.00466065 -120.91995631 -111.56535651  -23.70467315
   -233.44426313 -185.30280191  105.21710699   96.53532421    6.41321525
     53.05703503   35.55262085  -79.92024762 -180.21755753  178.27371517
    198.01867817   52.76916677]
  [-124.8866585   -71.8000386  -355.35716996 -824.59796971 -106.54425194
   -500.24146913 -940.11949922  128.26499108  391.70397052  476.20511382
    606.23339546  367.55686294  219.9945213   190.12730946  371.39678156
    196.17440682  267.40121074]]]