[[[  47.55087909  -65.33769797 -344.83118443 -487.03576977  154.44982439
     27.29940524   28.0554679    94.82499596   61.09093644   50.29166838
     52.50042134  229.57251823  397.07331881  227.29112305  -79.74140852
   -131.37558534  -69.01136947]
  [ 119.57696846  196.60069869 -212.08972908 -274.53862834   42.55323083
   -393.39794821 -379.57391629  154.1282124   127.55447828   32.29662321
     74.99139872   67.47885055  -32.14552611  -83.70975778  203.20691462
    226.92111458   84.13950289]
  [-114.19161083  -83.11478785 -208.57282403 -540.76891786  -95.37694865
   -467.23177741 -850.02150113  110.20892191  352.11258123  412.66063307
    543.13546797  327.83307937  159.44952917  163.4306795   332.26191574
    123.91168308   82.68596042]]]