[[[  19.84059825 -112.57469867 -225.34278036 -299.58815932  132.30297521
    160.45408931  216.2084004    38.43487416   48.79055418   -9.97116536
      5.58206534  206.53383757  200.31329307  120.39233518 -142.52829191
   -180.76517414 -129.77844587]
  [  51.30980794  108.21400003  -54.17588929    3.79367349   -5.59439829
   -113.25636027   10.71155089   69.94179251   21.26523342  -67.04858994
    -31.09937233  -33.55501345  -92.77672507 -158.04254715   94.70206842
    151.21030911   34.16819241]
  [ -54.87029067  -24.3978701  -457.14015464 -832.98669025  -27.8050741
   -464.9292167  -827.00819711  195.80659104  480.59836838  528.12841442
    672.50749854  452.71533043  164.96490978  -53.22095088  458.33670358
    208.36308047  -12.37605691]]]