[[[ -30.28634055 -148.53710962 -137.18586334 -263.33951152   89.49098206
    194.52274767  263.87569115  -36.73385363   11.64048103   30.37167637
    -12.3821126   161.17947881  199.67488347  196.66870047 -170.29102737
   -244.87955792 -140.43778228]
  [  54.50098522   -4.10666512 -114.63411765    3.38245595  113.1085883
    -40.49271902   25.59142526   66.96586261   21.35619724  -66.35981544
    -27.97882488   97.35597269  161.56215919   37.81987386  -34.12636631
   -112.62038829 -189.08785975]
  [ -58.75905717  -16.31703907 -434.09271097 -854.46334481  -44.66958455
   -461.01366008 -864.62050765  192.25927696  471.01391474  522.7635525
    682.91147541  417.58428956  172.15859377  -38.1648378   447.90815921
    214.19046875   50.21644142]]]