[[[  -6.32625925 -145.97410068 -110.97447842  -94.90690487   91.74472082
     75.43857648  125.05506587   20.25215568   11.42462066  -19.46950961
      8.39832293  169.47583326  334.81915815  241.23457722 -138.92855326
   -218.42805015 -348.378788  ]
  [  -8.40260982   49.2666807    -8.6049677    71.68456368  -66.07201422
   -129.66829576  -22.9531031    36.49750126   47.46894991  -34.23115665
     10.39163774   -3.70560442 -123.72615307 -240.86522812  117.80735697
    209.16696669   97.26924956]
  [ -78.32427175  -42.80517257 -514.625544   -947.63722808  -42.8556198
   -506.67162296 -870.27505743  170.53552122  460.44275154  519.55307959
    644.349777    442.9837178   299.23719478  339.95282095  399.49692342
    157.5172776   -59.01779828]]]