[[[  -5.37493165 -135.50612525 -120.83979402 -120.67716536  123.49660511
    230.68401243  318.85281958  -32.15264894  -57.15510478  -29.00884066
    -57.97170639  109.7332301   234.66690833  235.96845378 -217.80743998
   -261.79766994 -281.64702358]
  [  41.65833894    2.23062954 -129.58571448  -32.68747472   81.08599353
    -95.16771014  -28.50704521   76.79917144   43.99691424  -49.6727283
     -6.13679487   94.66055855  144.38961001   27.29888756   16.41006772
    -39.03718018 -158.0030339 ]
  [ -65.8771038   -29.2592838  -474.5823956  -851.56754386  -24.14097454
   -468.14167992 -854.42773694  183.5889053   462.22899869  524.50965798
    660.77491139  472.0169307   187.29148889   -4.22798456  433.8383726
    147.38522517   90.96011903]]]