[[[   7.88806981 -122.01210668 -250.35642506 -396.09004727  100.54530669
    165.64399941  130.85718598   63.08996288   77.51303678   41.0666374
    111.92580566  246.0260236   279.02631231  198.60500252  -52.9941059
   -190.48431614 -298.20567194]
  [  13.38226151   87.19928572  -75.38126742  -66.51839663  -60.43476531
   -153.29616142  -78.77945341   71.75912589   69.1123986   -12.6967886
     30.52852008   -8.4844762  -132.24425145 -229.71969167  157.76980363
    236.53379683  121.67648763]
  [ -94.09308149  -43.48663831 -461.63509062 -875.37618122  -81.93175805
   -474.76708276 -907.04350045  166.08140532  472.71309581  538.25726244
    683.55957158  443.78172898  185.07672547   83.09753574  420.02977655
    233.6013302    83.06849248]]]