[[[ -93.80415368 -175.76431748 -172.80984615 -525.33847867  -34.87936344
    194.0183078    72.42213012  -53.69782244   26.47061064  129.05078923
    133.11179823  125.88473879  151.87147326  220.12653151  -48.29548469
    -99.23558735  132.41748745]
  [  54.29861857  -60.72655729 -108.81821775   94.02521884  169.32371445
     97.67512657  163.6501605    24.09556161  -24.95905461  -75.01023368
    -63.93542241  109.95240671  232.05738947  106.98766367 -140.1395612
   -295.45326896 -289.50905237]
  [ -81.98043173  -86.71084562 -571.60503588 -756.42712157  -85.35429551
   -447.68917115 -836.52140215  173.4907269   462.04818862  473.80341869
    592.66483168  439.91737072  177.80611216   75.93701     402.99790001
    230.02538891  181.21941728]]]