[[[-3.42823334e-02 -1.01040163e+02 -1.72133757e+02 -2.59341304e+02
    1.34136009e+02  1.49516456e+02  2.15285980e+02  2.67238552e+00
    2.96138660e+01  6.40807557e+01  7.14680278e+01  1.76849647e+02
    2.46675419e+02  2.73284558e+02 -1.23090446e+02 -2.29848401e+02
   -1.38091335e+02]
  [ 5.91777631e+01  2.16556377e+01 -5.82889635e+01  8.07839339e+01
    9.66998861e+01  1.21085071e+00  9.98771315e+01  5.31455937e+01
   -1.09927273e+01 -9.89075785e+01 -7.00146116e+01  4.98367074e+01
    1.23491493e+02 -9.06380802e-02 -4.14759654e+01 -7.58686588e+01
   -1.77772520e+02]
  [-2.85683811e+01 -7.51095343e-01 -4.52901322e+02 -8.32705686e+02
   -1.25687155e-01 -4.50358470e+02 -8.38572760e+02  2.07952116e+02
    4.66973288e+02  5.06628459e+02  6.44824857e+02  4.41782030e+02
    1.42559448e+02 -7.59751379e+01  4.45348101e+02  1.83000001e+02
    1.16970780e+01]]]