[[[  28.17916135  -81.25156394 -195.40759685 -303.38694683  121.98330432
    139.91010117  195.82992798   48.83764359   36.54750767  -27.8668235
     -9.92570169  190.80757945  222.9895005   105.18107586 -147.75808842
   -180.83752015  -94.68157909]
  [  47.37884958  121.69626015  -40.14929758  -16.00183883  -26.93857712
   -136.9289078   -21.76527507   67.89727924   26.06569606  -57.7771601
    -21.08882114  -49.29812647 -124.46962552 -164.7134754   118.0133627
    190.94495224   74.15305895]
  [ -72.90405069  -57.27305486 -444.98450008 -856.56797189  -60.65798382
   -449.51764312 -806.92885312  189.97433906  505.70416654  541.24155934
    697.42458222  451.17324195  202.62496405  -45.22146999  452.74103755
    204.54633229  -51.22435664]]]