[[[  25.72311077  -49.03090335 -258.81779309 -415.87021369  144.94206511
     27.9734258   -14.85574002   73.7146411    45.54173444   10.28864003
     35.52325435  198.75571775  300.52386993  194.36622939  -66.54704674
   -142.50459984 -193.23426299]
  [  41.98476517  140.29057831  -38.19226411  -38.16492691  -56.32104061
   -170.93559938 -131.92298157   72.03039971   61.11037004  -21.19088444
     16.96459537  -30.34988063 -185.77060916 -246.9441963   170.09866524
    276.70222441  167.82226768]
  [ -95.05090848  -34.23115315 -404.52804965 -789.11361308  -75.13978726
   -560.16211121 -968.67371056  153.0999577   431.59480056  490.58945388
    614.49058484  409.9036509   229.73106178  344.36008381  409.06536752
    172.6477614    12.5020378 ]]]