[[[  -7.68458993 -126.62045275 -110.86312687 -111.2382206   152.98895587
    101.53176152  -17.89411441   -8.75675657   28.61215356   36.41881798
     31.08694631  207.5485702   297.55252986  294.51218379 -151.94753018
   -354.29447526 -240.97518105]
  [  13.18388729   -9.74754125 -129.14658522  -22.34172794   36.11526637
    -45.85190724   74.31669643   55.93039794   55.00675538  -37.50810875
     13.8863188    92.30480894  130.47890417    8.50830535   36.9071981
    -88.89929819 -180.66054009]
  [-108.81867016  -84.45728866 -492.04441919 -915.99100966  -90.22428623
   -538.38395056 -921.00736258  159.69509851  453.29582331  527.63931913
    671.31879712  386.63262865  142.94217822 -114.58142743  440.49605321
    406.68020874  428.45513449]]]