[[[ 6.62648616e-02 -1.35079512e+02 -2.16553213e+02 -2.59113487e+02
    1.47027730e+02  2.41263686e+02  3.28061002e+02 -9.58359602e+00
   -1.90254075e+01 -8.01672343e+00 -1.68760226e+01  1.39932871e+02
    2.36233292e+02  3.48488221e+02 -1.76749594e+02 -2.91554432e+02
   -3.26055131e+02]
  [ 5.87220222e+01  4.25349926e+01 -7.32999333e+01  5.80696342e+01
    7.49090493e+01 -6.82823435e+01  4.71524066e+01  6.90639396e+01
    1.54740686e+01 -7.92760184e+01 -4.55482337e+01  4.59840420e+01
    3.57410230e+01 -1.06968556e+02  1.72378004e+01  2.78113348e+01
   -1.19875714e+02]
  [-5.49394475e+01 -2.03680526e+01 -5.08794106e+02 -8.72238190e+02
   -1.55839823e+01 -4.39500644e+02 -8.26514307e+02  1.86943049e+02
    4.64241335e+02  4.97415036e+02  6.47628388e+02  4.17348245e+02
    1.90485794e+02  2.12226118e+02  4.10321688e+02  1.35154505e+02
   -4.12376291e+01]]]