[[[  13.31895711 -107.42166121 -207.60256115 -277.20535247  131.32469695
    120.75067417  210.40803068   30.02748637   14.948809     -6.39066607
     43.79681327  169.38510988  243.49573501  173.71343518 -137.03332924
   -212.09259476 -166.46780532]
  [  44.16997531   94.05157767  -46.2149611    28.12020999   -5.71167111
   -103.97153641   13.11043784   63.77259007   24.53425801  -63.80991061
    -24.36570493  -18.11542365  -82.76345473 -164.55805211   86.85008953
    133.06142666   15.05597575]
  [ -51.41079802  -14.70841231 -470.14372908 -873.25020987  -16.90644534
   -475.55419001 -868.29435078  193.75186584  470.99706755  520.61483561
    655.29886222  445.96555962  210.90670242   48.42955076  447.53931859
    178.57212444    1.16544456]]]