[[[ -18.84782846 -138.05397902 -211.10252784 -266.79126255  100.03704988
    189.22254773  224.24925573  -11.89570002   29.70986524   49.70388053
     72.94226868  178.28934152  213.88556127  252.64224062 -125.33541421
   -246.96764745 -272.7272996 ]
  [  63.28118959   30.23668591  -64.48280863   68.81337305   96.32568215
    -16.67042021   86.33186872   53.29277883  -19.3929978  -111.40424485
    -86.45337539   36.12007055  113.40866543    5.31340481  -38.88047627
    -50.37405627 -163.10891729]
  [ -26.68391077    9.58229905 -441.80431243 -824.67510416    8.98753619
   -441.2507548  -829.83671345  209.7324252   450.05552878  498.14987669
    654.38651146  423.99440793  147.68348847 -102.89451386  457.57299136
    198.8057771    22.2562344 ]]]