[[[  13.44830344  -89.84172399 -234.18798279 -181.92394414  105.87441197
     -9.37017021   30.45644525   57.00234515   76.56811732   11.84240594
     35.48350699  230.30616362  422.84220737  254.87918288  -71.40663324
   -236.80561447 -332.87396661]
  [  20.835111    116.48934531  -33.3765872    12.39244767  -74.81915185
   -215.29887223 -141.73005467   64.78824787   59.40262587  -19.7277431
     15.14178213  -19.63621589 -131.22606978 -238.5582868   162.48373928
    261.2959933   137.89154523]
  [ -91.34409669  -29.49252649 -431.81935278 -854.46223449  -60.95553473
   -499.90478558 -900.23704791  158.11907316  430.51617279  501.52029453
    616.8707143   406.33743089  224.73964606  138.38564402  409.29525318
    225.84225448  102.02347567]]]