[[[   2.04332199 -109.98690862 -392.11205213 -307.53602423  103.35010166
    -25.39181344  -54.73655878   52.73175132   41.86245327  -35.12145351
    -40.08956398  155.17569497  333.41670247  192.69405024  -92.41503553
   -116.85641651    5.0893465 ]
  [  35.81494099  150.74639712  -41.00049437  -34.34759956  -79.11645815
   -218.43805745 -142.82416255   72.4538245    60.91205135  -13.86574441
     20.4544275   -44.05223842 -165.93121287 -175.28785421  186.74666193
    304.65207238  180.90226308]
  [ -95.4071982   -96.02127481 -386.69116003 -864.91234223 -125.88095678
   -521.69658466 -953.51580204  157.9363709   393.3747074   494.04129802
    569.08780359  371.44880978  213.98002284  144.00407387  368.06208153
    102.44757889   42.3190814 ]]]