[[[   5.4152732  -143.85188912 -162.46684062 -139.56397829  152.43849459
     69.47096643  -49.75006125   31.81271646   17.31711425    5.62017731
     10.15481008  213.68831417  309.56901727  294.77440286 -132.4415579
   -221.45067112 -217.88812137]
  [  39.96717039   93.91189664 -111.97517556  -32.18418858  -13.97743156
   -204.62595845 -172.86211517   86.76837117   53.34116204  -40.75225397
      9.13504671   17.46255655   25.62199493  -79.09537092  116.25108535
    155.96297592   50.43815606]
  [ -98.66948972  -55.81796667 -372.8109862  -685.94314511 -100.76538535
   -487.80264386 -932.37453636  173.80700601  483.71610665  553.23077662
    721.20073541  453.71913949  139.82814455 -149.88317635  461.47887926
    204.14867437   74.88722177]]]