[[[  41.07358356  -77.38872235 -241.36336179 -309.48931291  157.17206572
    134.35628755  191.75381575   60.61063471   37.11761932  -27.41932942
    -11.44892955  189.67983703  219.42076184   99.30670214 -111.05624504
   -180.14995217  -97.91056557]
  [  56.90497608  142.02151465  -37.0589877    -5.95655429  -28.21156118
   -151.21747717  -27.55706845   71.02998061   21.68871858  -60.62369919
    -28.15144775  -63.18234402 -147.34643643 -179.08170755  125.48099043
    205.49032551   84.42603669]
  [ -72.62752589  -37.26952743 -449.2210169  -820.85765693  -68.87449152
   -458.24443045 -812.83438081  189.29262361  494.24300385  533.65908085
    685.1010048   439.0504089   187.95381307  -58.32714048  470.64851068
    195.99431933  -22.39150573]]]