[[[  -4.7685876  -112.93665484 -189.6549684  -290.43297279  156.02614012
    167.82460385  163.54218666  -19.71089278   16.40643365   34.92600099
     20.17963691  162.0824427   239.5926229   360.80727209 -140.67474621
   -341.02821135 -211.73378529]
  [  -6.21938817  -43.43072569  -79.01740431   71.04319455   30.99180878
    -13.24795005   76.02611642   33.20510648   58.77776805  -28.63644941
     13.98857276  112.90514217  193.6017159    71.33986895   15.1594925
   -203.05557961 -301.21841646]
  [-101.59652305  -85.58326875 -542.22916278 -892.19526958  -89.32057292
   -517.69033192 -937.18582488  145.50882296  395.61772431  477.24994027
    576.37904512  364.00072401  104.1830653  -148.35668844  422.16385227
    509.24113466  636.59822451]]]