[[[ -78.5302649  -170.15160712 -170.47536314 -518.60896932   11.59636524
    193.93057301   73.55094647  -42.69472387   28.25637183  131.86015225
    134.28285194   89.95875253  195.51010251  222.1833146    -8.63850249
   -152.99359687   71.59876079]
  [  54.46086265  -58.71710629 -105.25971026  107.83102276  167.63879714
     95.88761011  166.50071268   23.76002687  -33.25645546  -81.25271687
    -72.3078569   100.59835041  224.38191951  110.73500372 -142.9397711
   -267.05119628 -287.25078444]
  [ -61.48382704  -56.29796855 -536.92167336 -716.33590957  -54.0561739
   -412.6827911  -796.17968305  182.52606854  442.92934152  471.00815407
    612.02255202  421.6101536   163.40972629   57.89609106  422.03033467
    161.61219661   58.78717804]]]