[[[ -20.36139758 -154.0629846  -159.71353253 -371.68909542   90.55475441
    202.87028539  188.59328652   -2.44290267   77.99241632  123.20317665
    135.09134506  192.20306961  226.05957985  302.4178477   -51.39310301
   -223.56192896 -152.94409282]
  [  50.71037445  -27.4718962   -68.03567221  112.3241587   128.89255227
     51.48197593  145.05571292   35.91944627   -4.23210441  -83.63107848
    -58.64210932   98.31669825  219.75716235  120.43781242  -77.35424418
   -226.39244276 -301.36133823]
  [ -71.82476732  -62.81442521 -545.04931807 -892.94777494  -65.3114931
   -509.27985448 -938.85876621  182.95683675  461.8479013   487.86361444
    595.40128353  403.208709    183.26802415  -13.51176941  449.05904538
    343.1855145   348.68961906]]]