[[[ -16.0942875  -135.29540177 -150.42876222 -123.99754362  134.49628272
     10.30592736 -101.80296213    9.57587683   19.08368956   -4.73431434
     12.9462475   198.98682664  291.67682257  280.26785402 -120.26959484
   -315.96938566 -326.93437197]
  [  37.79113195  103.94233363  -28.75156046   61.06194509  -28.35993721
   -154.18204438 -139.75378247   64.90941792   23.06493413  -60.78776353
    -25.91446664  -21.17943681  -32.3539713  -117.08281277  101.49323371
    177.89774848  109.84299043]
  [ -85.37091727  -48.22214187 -398.12755926 -695.5788622   -55.28221146
   -508.33836527 -967.16574829  172.29483438  449.30345709  516.36597639
    667.25644098  417.36269838  135.61255809 -141.17712079  436.61404374
    422.27513057  124.65269125]]]