[[[  39.03424213  -79.86373188 -323.29168796 -467.32943739  149.39508354
     24.19895849   22.4237442    84.37116694   87.12923982   61.31034923
     51.47504094  266.49885062  408.92275583  271.84353978  -60.87879848
   -224.67903417 -125.84452344]
  [ 119.08124774  188.9976567  -243.79352874 -265.86107184   49.16481574
   -407.34826044 -372.0629789   158.65953923  140.59035914   44.49958305
     90.02882668   88.65072112  -24.38468922  -82.92598256  208.00421618
    201.06977457   68.50154765]
  [-129.93168269  -95.81233265 -333.50462361 -605.59429363 -109.15083539
   -493.4548664  -851.3484236   107.33987704  355.40662683  428.61027255
    553.15555738  329.22083515  192.05770908  165.44912497  337.74881969
    228.1967111   168.40706288]]]