[[[ 4.27586637e-01 -1.30340693e+02 -1.30414189e+02 -1.20194712e+02
    1.41070904e+02  7.97248413e+01  2.54239614e+01  1.75340525e+01
    1.27526441e+01  1.45489778e+01  1.35263332e+01  1.91089337e+02
    3.34961822e+02  2.64736442e+02 -1.24454018e+02 -3.05328429e+02
   -2.52554243e+02]
  [ 1.49783492e+01  3.84113149e+01 -7.54009145e+01  3.39810640e+01
   -8.45460271e+00 -1.13232336e+02 -2.53217971e+01  7.04786384e+01
    7.84857550e+01 -9.18334557e+00  5.01621766e+01  6.58158586e+01
   -5.11172802e+01 -1.68706066e+02  1.06798874e+02  6.18490885e+01
   -7.25902320e+01]
  [-1.27918186e+02 -8.78126214e+01 -5.22249167e+02 -9.40454797e+02
   -1.24023749e+02 -5.73733822e+02 -1.02375079e+03  1.38150964e+02
    4.40068262e+02  5.13619543e+02  6.18858442e+02  4.18552261e+02
    2.68402633e+02  4.15917925e+02  4.17703881e+02  2.19407282e+02
    2.67681983e+02]]]