[[[  27.37939327 -100.08026986 -248.77761965 -325.94749016  134.05536038
    151.70035768  209.276514     51.39163325   19.00668134  -20.75692509
      7.00803101  202.87435109  236.6620763   121.61319988 -127.90316133
   -161.09301827 -118.39501243]
  [  46.42405193  121.82179784  -54.89732048  -25.27659592  -28.97372796
   -143.85425946  -17.16034281   69.55322989   28.45761263  -56.61835762
    -21.64116162  -46.58787715 -123.0569306  -177.05899561  122.55653472
    205.25400483   85.73547761]
  [ -67.72939686  -40.65470544 -449.18986871 -849.96068032  -43.71897447
   -454.18093781 -802.53238882  189.93917978  479.05342908  534.16708087
    693.23856182  452.44597645  179.09033726  -25.0063845   454.85414854
    181.1726169   -32.01382166]]]