[[[-1.64210580e+01 -1.68940888e+02 -2.06924092e+02 -2.17991968e+02
    1.08373644e+02  1.97048084e+02  2.32975251e+02 -1.61739721e+01
   -8.61747642e+00  1.90040581e+01  3.10151064e+01  1.78570391e+02
    2.28995566e+02  3.04999871e+02 -1.65537068e+02 -2.48533332e+02
   -2.65433087e+02]
  [ 5.92704617e+01  3.36933785e+01 -7.28914651e+01  6.19071012e+01
    8.48475480e+01 -4.79548197e+01  6.98497839e+01  6.15473181e+01
   -2.08897597e+00 -9.75483437e+01 -6.58750061e+01  4.39642812e+01
    9.02220076e+01 -2.73623853e+01 -1.50164728e+01 -2.93268336e+01
   -1.48510720e+02]
  [-4.93105508e+01 -1.59564681e+01 -5.02873808e+02 -8.60127961e+02
   -1.49007423e+01 -4.67555222e+02 -8.20629129e+02  2.01384370e+02
    4.68772830e+02  5.19235873e+02  6.79436834e+02  4.45462279e+02
    2.05854932e+02  1.95187569e-02  4.45015635e+02  1.75519238e+02
   -1.29663831e+00]]]