[[[  17.42519141  -99.69935604 -235.25847462 -265.03793567  154.52230975
    148.38896782  236.31969463   22.68577273  -12.42080208  -25.37754444
    -54.44673207  187.7070606   404.20216028  306.99355989 -172.96883673
   -304.80849808 -293.49311769]
  [  50.49317409   93.68767484  -69.32237344   18.56912337    7.2986572
   -122.41457252    1.43307648   75.82315278   47.63631639  -49.43757709
     -9.24025944   20.01571359  -69.18395459 -190.44534873  104.09229131
    113.70701582  -24.54320498]
  [-106.51469053 -102.33018266 -502.72154191 -946.717456    -74.01375854
   -535.1007452  -946.33260315  160.1605909   433.0995236   505.83247219
    622.66342936  414.41465074  304.63136092  273.34701882  442.21837463
    222.39227834  175.04636768]]]