[[[   1.4588835  -135.72762236 -143.31837162  -86.58685356  101.92207732
     84.58549735  137.87386106   26.30374555   17.90562889  -28.26843288
    -22.12630109  176.79870843  343.77904333  203.86758088 -131.22178864
   -209.01772636 -338.73373363]
  [  -8.10159573   56.66789509   -8.60173406   76.53743417  -72.87125987
   -146.60491772  -34.01128896   40.29148811   60.68515145  -21.97888324
     21.19628658   -1.92347068 -165.00722216 -269.46986736  137.61517621
    228.63371329  107.07668939]
  [ -91.23209005  -60.21485432 -565.91595541 -968.76144187  -56.85581999
   -488.33376489 -851.596793    161.58319438  449.40753279  511.95412114
    633.92959674  435.56463483  364.19147071  425.68337088  385.73238436
    142.563212    -73.74856323]]]