[[[  27.69435746 -101.64095149 -248.49856717 -325.95280022  135.90503609
    153.8662396   209.47092171   49.75345427   17.9281428   -18.51900857
      6.98074511  203.81332812  238.51495241  122.16609054 -131.02320236
   -163.81092326 -117.71901189]
  [  49.58617159  117.59679672  -70.75423062  -39.1907438   -18.42447613
   -147.45262451  -22.89249792   76.45798156   37.53176165  -50.04269141
    -11.66038159  -30.61194809 -105.18097889 -167.26892481  122.34124598
    186.94311243   58.9506815 ]
  [ -66.88055601  -36.73758772 -444.90793471 -845.59406806  -39.23587427
   -448.65921244 -798.41660127  188.71278974  483.31106084  532.4643602
    697.79898075  457.60518224  183.90450322  -18.38360825  430.21749118
    150.87194703  -28.36117813]]]