[[[  -17.75400784  -138.10145569  -193.04894825  -181.51289084
      89.92094721    64.69551796    16.60744273    10.37621718
       4.0612543     -7.42621356     3.48214778   181.69915556
     325.42123937   256.83794569  -129.74167271  -300.32068298
    -282.58439998]
  [   12.67471931    58.52986321   -53.61776608    42.09146666
     -33.18043624  -132.73779962   -79.62807721    67.93572087
      78.87718908   -10.94286985    41.29775152    42.82351184
     -98.71988934  -199.7376736    130.02257429   157.66673824
      31.23819183]
  [ -103.98457288   -65.16514888  -493.82376003  -872.13280729
     -66.7675593   -549.09146112 -1032.0490156    152.94392946
     452.39466494   511.46306375   628.52920083   433.69485375
     325.93533704   430.12427475   394.2363042    173.01934729
      54.37179168]]]