[[[ 1.29539349e+01 -1.31586276e+02 -1.39304160e+02 -8.22903605e+01
    1.13673607e+02  1.94742486e+02  3.03264770e+02  7.14930499e+00
   -2.21834861e+01 -5.41625465e+01 -3.11641365e+01  1.38524793e+02
    1.82783419e+02  2.02730680e+02 -1.72052344e+02 -2.51729529e+02
   -3.05409463e+02]
  [ 4.39388601e+01  8.85966040e+01  3.72695073e+01  1.56620345e+02
   -7.18925382e-01 -5.61355791e+01  1.01518958e+02  3.68969111e+01
   -2.27054537e+01 -1.07361217e+02 -7.85415965e+01 -6.16264821e+01
   -1.21306584e+02 -2.14026010e+02  4.57241617e+01  1.29541710e+02
    2.85672428e+01]
  [-4.35040063e+01 -2.53951000e+01 -4.80682914e+02 -8.89741251e+02
   -2.31873266e+01 -4.39700158e+02 -8.46573698e+02  2.03897959e+02
    4.86261208e+02  5.14451014e+02  6.41194541e+02  4.28512507e+02
    2.22235485e+02  3.94279471e+01  4.62878459e+02  2.17479603e+02
   -5.73543857e+01]]]