[[[  27.67811094 -101.86169929 -203.08854323 -273.32676686  135.29086647
    159.61896726  253.97039484   35.26980758    8.36443598  -40.2703466
    -36.58737203  161.88665138  231.96598989  119.38573119 -167.38769172
   -168.92217711 -119.30878678]
  [  62.16471509  122.3441628   -49.11247766    8.24457598    1.98524666
   -124.54319278    8.3006195    72.83717205   15.45126964  -73.50954321
    -37.30856843  -40.38543147  -87.57120309 -163.904306     94.51785488
    157.81338603   27.87194847]
  [ -57.82852642  -35.67065311 -446.26762494 -845.54703324  -37.03366085
   -418.06747702 -795.73387031  195.53116568  480.0028043   527.5921052
    692.16374389  454.8724844   148.99024797  -26.06003228  454.15366478
    145.11676611  -31.8192595 ]]]