[[[ -19.68795803 -145.23569225 -180.40975504 -274.54011472   93.05909787
    194.22428863  266.19173302  -13.06166873   25.57895433   67.12770945
     70.92340848  174.33962104  249.91516774  281.29746942 -129.95867871
   -207.45793238 -136.63009813]
  [  73.47108318   19.63625434  -61.22073338   80.03517595  127.3058776
      8.72357948   94.43033218   61.2355792    -4.37421374  -92.03599611
    -64.61490129   72.70236709  149.49855123   27.04913007  -52.52548206
   -140.23905456 -232.20819199]
  [ -40.18919007   -9.45541158 -473.69146258 -865.12571691   -9.25094562
   -469.28851752 -873.07323947  199.68571454  468.20731413  494.74683704
    621.15743263  416.34634005  174.88206663  -34.93796394  447.28466502
    190.98578119  138.15683225]]]