[[[  29.88605444  -85.72473426  -90.09116396  -21.10084672  167.36458143
    102.13697304   63.20700213   32.44962039   -3.70059467  -26.63374076
    -11.66852715  163.09116378  235.18486212  111.89462683 -167.02892253
   -259.25840603 -204.30601401]
  [  70.32240572  128.11497498   14.66552337  119.05488712   12.52985558
   -114.82366228   -8.31169632   71.45461686   13.38128663  -74.96509491
    -33.10226341  -33.15464903 -123.87577162 -198.419225     85.29080789
    102.09229698  -37.81700959]
  [ -82.27037458  -38.97288607 -460.01023292 -919.35149632  -72.28909739
   -493.98555446 -923.50354116  176.84819187  457.28136     514.31598982
    656.25976263  401.19515662  149.62901975  178.13525017  465.97959566
    221.68210964  139.16866872]]]