[[[  -8.95155764 -140.05200579 -137.88011559 -255.4883837   134.57855779
    195.39365114  309.53443902  -21.68830298   19.60259101   20.53847009
     23.44339948  170.59043036  211.36012059  243.92757959 -165.900617
   -332.67533285 -276.43431405]
  [  27.18860525   -8.43811128 -103.33489771   18.70535856   62.81525123
    -68.62727527   12.37061616   58.1443493    42.46227947  -50.27869353
     -5.5022256    92.74526961  155.91819133   32.42188084   15.00260514
    -82.87139523 -200.28059719]
  [ -78.20591954  -53.64916529 -506.18408047 -894.06195352  -53.33873028
   -504.41597272 -902.19281467  174.20563025  465.440506    514.23626423
    643.54330864  404.4459169   131.71402836  -78.33733159  448.71295569
    308.62162696  350.39348053]]]