[[[ -24.31785895 -163.53471078 -112.87723414 -121.88866075   87.02113526
    136.32135922   74.8259475   -27.50202557    9.31353419   34.21699858
     15.57962015  136.01865903  257.6342301   267.93746309 -155.5094226
   -190.03880993 -165.97716284]
  [  33.74316077  -26.38790767  -59.69658295   43.4344022    93.87427243
     31.16558794  153.79920035   42.68809946    2.69068081  -78.64093424
    -39.80501225   77.70874134  134.58990495   31.81082971  -51.72923452
   -148.15239718 -227.42838699]
  [ -42.4625279   -74.66375359 -531.79927903 -973.92781914  -74.52068158
   -490.81729597 -937.30711857  209.58654124  430.71732286  543.76746397
    638.45342503  404.78366586  133.49530692  -81.47665725  441.24696432
    184.58576324   82.71348589]]]