[[[ -33.19457458 -166.05225188 -167.65464604 -331.47548133   81.28553772
    188.15085037  177.94190918  -21.82995066   59.31291536   84.41333327
    113.76905539  177.06793959  216.75712544  209.63678985 -108.40001764
   -283.31908339 -167.02064264]
  [  47.11089782  -19.1175573   -72.09510513   99.13184933  113.33931232
     26.0347575   128.00461327   39.38107167   -1.6380219   -84.51535471
    -56.19365475   85.5600205   160.76554451   36.0437002   -59.57459378
   -182.27818732 -252.94147335]
  [ -65.96137848  -40.43626535 -553.08651399 -901.68653071  -42.44374261
   -519.69099087 -944.21175102  181.13363952  445.10901065  481.80810421
    607.79622058  386.7618358   169.36766898   75.8839724   431.6736177
    321.94399877  328.90952252]]]