[[[  19.13318032  -87.82907218  -83.06264002  -21.35751113  160.56595787
    103.11565652   62.72528128   19.69503475   -1.44395055  -20.74962654
     -9.0868476   160.17473994  281.19714743  213.5287072  -161.20749509
   -332.4705939  -284.84937976]
  [  59.99717158   99.77229212  -13.97482369   73.44640057   20.22209918
   -111.48974771  -23.90429838   74.89487198   34.45212395  -50.96019412
     -4.82172398    6.31549526  -73.29530717 -171.94199564   87.91871761
     61.30108014  -70.1789983 ]
  [ -93.39060311  -47.99546422 -439.64416367 -962.06106767  -78.03424827
   -477.91596457 -966.37768423  159.61062293  425.30612082  491.88467047
    613.71043016  401.94654767  174.2358518   165.73338749  404.61252097
    259.34174168  308.27740762]]]