[[[ -13.63165689 -123.20587468 -204.50576655 -297.99026472  116.57670049
    168.51370622  206.83007702   -9.30569891    6.47944698   33.56429399
     48.16437362  159.13835615  234.39814922  131.41667653 -149.13681258
   -187.86166495 -108.81710275]
  [  71.37192898   46.47676447  -23.35946087  128.94854175   96.26709606
     15.08709861  136.05579789   59.61551423   -6.57048381  -95.39688473
    -63.63882396   34.0496796    22.42160488 -108.07775102  -25.63235694
    -96.379094   -190.24368689]
  [ -37.7725254     7.2490883  -502.26095401 -904.84970913  -21.43787642
   -468.81582473 -905.7868054   195.14358396  458.6305902   482.7661025
    581.29124515  434.88548564  172.14304774  123.81152974  437.81224083
    207.76984443  128.52391685]]]