[[[ -23.22798973 -152.86281505 -145.79774993 -270.05156909  122.07414439
    192.81588557  303.71082156  -35.17767511    7.52256123   27.82113566
     15.72009831  158.30163882  198.48337673  236.87789755 -177.59560084
   -297.6717684  -191.52692083]
  [  42.0352455   -13.33509788 -118.97180434   -3.43985011   97.40551948
    -54.17353681    6.96238465   64.15213058   34.23613427  -56.2348811
    -15.56462776  108.70399165  190.34184542   64.22989342  -17.96583715
   -119.29123304 -215.56898092]
  [ -73.19746881  -34.91185771 -454.33948848 -876.31619665  -62.56665708
   -481.47047737 -888.53102533  181.37223613  456.83856502  520.14037875
    670.20250518  429.80324105  156.08632137  -55.3846329   436.452369
    252.52163737  205.2176    ]]]