[[[   1.36914406 -130.34729163 -212.42687828 -250.84536113  152.76214938
    206.01328015  329.97680719   -5.68227608  -13.21577895   -9.77065634
    -11.80698767  146.63557521  242.82027801  351.76249592 -204.57642086
   -286.49889083 -320.2529765 ]
  [  58.3843745    52.06123816  -78.77088052   34.46391061   64.70750011
    -82.62389795   34.29064228   73.27652638   25.94835458  -68.64483276
    -28.89351158   45.97300926   13.15211282 -132.65841775   35.07271737
     48.55704148  -94.295887  ]
  [ -64.80361971  -32.2996518  -484.45703257 -880.57534494  -28.01155529
   -448.29537972 -836.62558511  180.84004545  455.09137573  502.55467673
    667.28535151  407.50435767  182.79035907  248.11819325  401.5015211
    156.05604927  -50.66740424]]]