[[[ 3.45446597e+01 -7.02431757e+01 -2.30982705e+02 -2.17855962e+02
    1.44614725e+02  1.34956955e+02  3.41991115e+02  4.54884873e+01
    9.17778495e+00 -3.57601636e+01 -1.52431304e-01  1.76896358e+02
    2.61319690e+02  1.86769942e+02 -1.50141130e+02 -1.97279797e+02
   -3.89071369e+02]
  [ 4.05803755e+01  1.16484645e+02 -2.02005857e+01  5.88114411e+01
   -3.53239881e+01 -1.27386512e+02  5.31839144e+01  5.38653661e+01
    2.70354896e+01 -5.69173063e+01 -1.91571039e+01 -4.48726415e+01
   -1.86030721e+02 -3.08105003e+02  1.21808915e+02  2.20350504e+02
    9.41796926e+01]
  [-9.36622736e+01 -7.80457480e+01 -4.62130084e+02 -8.48067572e+02
   -7.74817013e+01 -5.38749451e+02 -8.45167777e+02  1.68039710e+02
    4.57854596e+02  5.17922036e+02  6.62066636e+02  4.38121659e+02
    2.34358864e+02  2.73602740e+02  4.31660768e+02  1.37102145e+02
   -1.73993762e+01]]]