[[[  37.81914875  -85.78869635 -337.08646685 -485.17690036  134.26993488
      3.19803971    1.20801116   87.22966161   73.62430135   47.57902088
     35.08767624  213.07362572  381.18455608  210.31871235  -68.22561362
   -107.70953965   32.02235926]
  [ 107.78877246  180.1910663  -231.4210545  -276.78422611   35.38646553
   -395.68569536 -378.16937394  148.40369915  128.07788918   34.37658366
     80.30025191   70.65397291   -9.1129678   -39.41578984  197.66846821
    215.63198028   90.88777759]
  [-107.86536846  -74.175145   -282.58396963 -583.08032994  -86.42550034
   -473.71724664 -831.64226113  119.5739503   373.92629435  431.7111202
    570.04054819  349.34040274  174.37519365  138.57335148  353.62532381
    136.71917137   61.13408786]]]