[[[ -31.07568209 -147.79454898 -140.95810497 -274.19409351   84.44321431
    187.69189422  218.34896285  -33.01536032   12.04518373   40.01614638
     22.92317615  158.9885701   198.75639709  149.71743797 -173.17986888
   -207.05872206  -89.72949801]
  [  59.96729733   -4.58966217  -83.78609547   57.47971075  124.52421385
      2.51501816   88.54868736   55.64924716   -2.29353136  -85.85994052
    -55.02573242   80.48519383  142.01630475   16.41069526  -60.43767516
   -142.20976095 -199.14286184]
  [ -47.06346303  -16.98528822 -483.24655803 -874.91865897  -15.9498377
   -476.94212882 -881.57641542  195.16999037  466.0705201   502.05386373
    619.75704528  443.59851087  208.58523376   42.05757099  442.1395723
    179.70646721   92.73910741]]]