[[[-3.32148959e+00 -1.29004785e+02 -2.06026849e+02 -2.12935361e+02
    1.11736531e+02  1.89483010e+02  2.32835884e+02 -4.94646803e-01
   -5.80774014e+00  7.04611381e+00  2.85508394e+01  1.79618756e+02
    2.29443314e+02  2.99637735e+02 -1.59613563e+02 -2.45464152e+02
   -3.12453620e+02]
  [ 4.84337478e+01  4.79886528e+01 -4.69693153e+01  7.28157634e+01
    4.88788285e+01 -5.11344490e+01  7.40320425e+01  5.36606628e+01
   -4.33428575e+00 -9.75481971e+01 -6.66322187e+01  1.27242959e+01
    3.12013976e+01 -8.39382241e+01  1.11991215e+01  3.37679916e+01
   -8.41458144e+01]
  [-3.93818357e+01  1.20932694e+01 -4.68686682e+02 -8.55679703e+02
   -1.51980888e+01 -4.70238986e+02 -8.56086870e+02  2.03349946e+02
    4.58961183e+02  5.10501189e+02  6.65064672e+02  4.35151178e+02
    1.99832496e+02 -5.33318307e+00  4.36839581e+02  2.03586576e+02
   -4.80320641e+00]]]