[[[  24.7599061   -90.73497488 -304.98514402 -461.79932362  153.3150688
     38.14077614   27.39814449   80.2215732    92.71106217   50.32244485
     51.97121421  286.83813291  445.2813982   307.52709477  -64.78566927
   -238.10603365 -242.77174632]
  [  47.29986316  135.53659897 -118.81105301 -133.06854858  -40.93684514
   -229.01770938 -190.55799376   95.05073415   80.49944341  -11.17150532
     28.43632358    6.96216773 -113.21253738 -211.19647572  179.4644333
    277.33668819  156.36707224]
  [-118.76044016  -68.21420557 -348.86238489 -765.55781979 -106.45674561
   -506.99905064 -944.41391816  137.57254853  400.12077023  489.2255577
    618.36756287  372.98279365  190.22142559  184.27542538  415.83964263
    258.51762228  100.94842475]]]