[[[ 4.93682252e+01 -7.75633284e+01 -1.80046602e+02 -2.03093050e+02
    1.59107949e+02  1.92274872e+02  3.73051411e+02  4.42570798e+01
   -1.10373326e+01 -4.61627054e+01 -2.42084266e+01  1.76424926e+02
    2.59771883e+02  1.85491782e+02 -1.58324060e+02 -2.28812440e+02
   -2.77545801e+02]
  [ 6.42757096e+01  1.25533423e+02 -8.39668841e+00  5.53614731e+01
    3.01796000e+00 -1.03476951e+02  6.66632397e+01  5.53699303e+01
   -6.41155136e+00 -9.25160954e+01 -6.42466021e+01 -6.36265907e+01
   -1.38851712e+02 -2.29295712e+02  7.83300569e+01  1.64693376e+02
    4.42301559e+01]
  [-4.99915149e+01 -2.66340134e+01 -4.10379834e+02 -8.66233144e+02
   -2.60101080e+01 -4.40889270e+02 -7.88679898e+02  1.96539209e+02
    4.52066075e+02  5.04970267e+02  6.60770176e+02  4.31305534e+02
    2.34224166e+02  2.04952680e-01  4.26209821e+02  1.57720213e+02
   -5.90473317e+01]]]