[[[   5.09744873 -122.67480353 -184.70644684 -127.01035852  108.19771126
     -1.98987743   40.46792662   42.25454758   39.72723119  -12.26337612
     -3.54926008  229.35768121  394.91761434  265.83321424 -108.16803794
   -197.43902064 -332.9635739 ]
  [   8.72086063  100.46136398  -19.47089634   33.68658799  -83.01965964
   -200.94198864 -129.84399578   52.39325936   50.93605823  -25.91653669
     10.19635652  -26.38295392 -123.44797937 -232.29574698  153.53244495
    265.48416922  155.8237065 ]
  [ -83.77270385  -36.64113456 -457.57661346 -892.85344198  -38.70210854
   -488.84363699 -896.48350479  167.20717685  431.89674884  512.55196632
    649.33216268  409.7950367   254.04246227  129.41195018  408.36497975
    209.4206362    85.11629143]]]