[[[  26.05432096 -102.6953943  -209.91747156 -277.07666086  131.73833852
    154.3231979   207.60038424   42.74062452   14.95158932   -6.52491498
     41.47804704  197.79631839  185.07581313   22.49507936 -133.70377929
   -162.80665685  -69.25880507]
  [  55.41344898  107.43340737  -55.07084149    8.36431867    3.39346988
   -106.37328064    4.92377892   74.6117661    29.33527398  -58.90432227
    -19.61026028  -25.33143952 -104.11309288 -149.58129679   94.75200423
    130.14431452   -2.57786568]
  [ -47.81238492  -27.82352265 -439.18049244 -798.19214212   -1.85075594
   -447.51838499 -831.67664916  194.41270683  481.25275287  519.39251622
    663.81305827  455.13590617  182.61894868  -13.99896738  429.00264018
    150.58885354  -63.34490704]]]