[[[  24.67305858  -93.87167343 -298.73638023 -371.09961494  151.69581876
     35.35792788   27.54743041   73.54689059   87.21645997   41.06185574
     45.94295387  282.36097582  444.06908065  302.75882101  -71.68176636
   -290.9796229  -250.58041057]
  [  48.1400221   134.56492055 -117.7182205  -118.28479219  -38.28479935
   -241.84440526 -199.63316919  102.99472453   98.19820289    9.80804524
     54.91311508   26.16384047 -104.79923473 -198.06296694  190.46568516
    231.42643977   88.69317506]
  [-130.93729751  -78.03407273 -362.2316588  -808.35680471 -114.43163803
   -514.45181633 -957.95752986  125.67476494  392.55196864  480.66407168
    610.91097561  367.21113439  218.39422922  186.8252513   373.56455228
    230.24465218  269.32878072]]]