[[[    4.07535879   -90.08142683   -67.30668967   -18.67908476
     130.72976152    79.72375951    66.87270685   -12.72950472
       2.20024653     7.26274325     1.5647672    169.23885117
     256.81414472   195.05384519  -170.60810118  -308.80390048
    -246.71887977]
  [   -8.53972069   -32.21102752  -107.4515937    -39.44308347
      15.13157124   -45.6529377     43.26132214    56.22484085
      85.33045812     3.73311705    67.53441005   112.26735672
      85.16961204   -38.21407764    65.41921459   -85.16990643
    -177.56248431]
  [ -119.20209841   -92.74547699  -528.7250618  -1006.45514146
     -93.00621232  -533.80830306 -1008.19881544   137.94082033
     420.21495616   508.11389895   624.63099332   359.62508812
     144.62902931   137.1810578    437.80739705   381.29804365
     550.94357474]]]