[[[  -3.84408072 -140.88645165 -136.03898758 -134.27253824  124.18170472
    175.85017569  218.85852291   -9.62008919   -9.9901121    -6.74576565
     -9.58806603  161.42135925  204.59009608  238.62071897 -175.81862672
   -263.88118796 -253.04660734]
  [  40.64265505   30.51276071  -73.53667613   20.36984569   50.77254761
    -77.14623786   60.01502401   59.90363478   12.97982614  -81.32620373
    -41.09958449   33.61458877   52.07367789  -57.1991111    19.57257122
     29.72082701  -80.50464072]
  [ -57.83653383  -32.70054575 -509.39129668 -936.50313395  -30.91453097
   -453.38033576 -771.61650884  198.14498439  475.01716599  536.4875187
    679.47078009  450.41977519  181.58698745  -20.22255881  489.10214769
    228.58727775  -14.86540742]]]