[[[ -96.66914984 -149.11621419  135.43157051   29.19914014  -45.38559146
    150.52391      28.90045365  -95.21454532  -24.62189175   91.62309495
     75.88623236   10.62686256  -27.31178856   91.37860126  -47.26255705
   -153.55505218  -30.99032526]
  [  12.10998855 -132.82583807 -196.51590152 -143.07351959  157.04584426
     97.95304898   63.2547629    21.80537445   29.7418073     4.75726608
     21.28968533  175.92423113  274.14402802  229.87514927 -118.9188702
   -247.70835144 -261.6885565 ]
  [ -56.02462222   -8.91078655 -309.32471194 -684.41267547  -43.68403622
   -315.15709921 -686.1990149   184.88318176  472.2978198   492.9626173
    670.07243578  353.67130954   11.32085161 -235.07849548  454.2569381
    192.47478814  -92.33966922]]]