[[[  26.65009625 -110.42510783 -219.12697474 -250.85068762  158.68611403
    160.92745957  348.14056983   30.54134572   -6.29852042  -45.59105083
    -49.76948717  149.10992382  230.58104342  202.88788277 -152.59657154
   -190.17073167 -271.09491247]
  [  44.92742391  108.6515197    -8.42033061   56.71146963  -18.79686148
    -89.67142881   81.14662936   44.37255815    6.37397405  -79.63537018
    -49.86461325  -52.62455817 -191.62020125 -285.22852106   92.78320369
    216.95290189  120.87827658]
  [ -68.40403584  -50.48117633 -447.87727213 -917.47998809  -50.64470034
   -481.12117607 -834.76859278  174.87087298  434.76814687  479.82259328
    588.68448063  416.766154    249.73151848  357.16938682  411.15386378
    210.13519617 -115.95326471]]]