[[[  25.76901857  -94.92667855 -353.93365628 -471.25862533  148.59417294
     26.01087536   16.570842     85.80212189   88.63484218   54.31048196
     82.0949955   282.29209549  437.37600326  294.69245425  -68.34650031
   -233.47692807 -154.32389252]
  [  48.5171166   139.64072115 -139.95564876 -151.66430267  -42.60644474
   -254.22605382 -218.69815583  104.87467442   99.70890851    8.1649764
     53.99474373   21.06036627 -111.98742626 -193.60203681  196.37388514
    266.2551299   130.3363914 ]
  [-119.98200885  -62.92071808 -333.33380058 -706.9462102   -99.68901337
   -492.8836005  -925.33909411  130.4056222   402.68712494  483.34769845
    620.92466239  377.1271213   194.12069364  196.16078983  381.67552037
    153.65450547  101.12621037]]]