[[[ -11.43100896 -119.74065961 -154.19728266 -276.44173736  113.03869467
    168.88643079  279.0480333   -29.81271157    3.86135377   18.74175364
      6.40794133  147.73177227  220.99357878  302.6184305  -149.90908894
   -339.03534612 -203.26212069]
  [   4.52788873  -34.96345801  -87.15429699   37.21183284   44.01908906
    -42.95634686   31.18966498   45.25037999   64.57432593  -23.5177544
     23.28232503  118.4978516   191.05468469   61.95328187   21.10030449
   -179.03172798 -279.80463011]
  [ -98.35676659  -79.78383355 -524.79545552 -901.32635895  -81.86837298
   -524.52922285 -912.46743899  147.7640411   425.47694722  484.93510476
    598.45998837  363.21001055  103.31687516 -138.18675938  416.05144682
    432.12468027  614.77146275]]]