[[[ -37.68124872 -148.6441709  -136.55872539 -272.31699256   80.06769029
    197.40124389  264.8364544   -47.22922915  -24.84742624   46.07470694
     23.1288234   119.21961702  185.44211334  150.80293743 -141.25093896
   -206.58994377  -90.69068193]
  [  49.8963147   -33.18102175 -116.34124162   11.38004113  132.97365017
     -5.52041174   47.42430574   55.54866272    6.10569112  -71.38860979
    -40.75301818  108.62863214  197.60683607   82.42824498  -75.56343139
   -157.51110274 -202.89546146]
  [ -56.94713175  -37.09477028 -465.75413503 -852.82657536  -35.44288584
   -453.72928086 -822.62225842  197.14933005  485.3564415   528.22212252
    672.2650552   461.36938234  188.9784826   -26.90575552  460.17104929
    187.02420188  -22.91613614]]]