[[[  43.37030619  -85.48231582 -251.94298834 -195.50552642  160.83746129
    152.76926202  362.89712629   55.50326029   29.85292985  -27.29884265
     19.63100825  156.02842985  268.89657723  101.39156721  -88.98870802
   -217.43789372 -412.94692972]
  [  41.24254523  123.45436005   -5.60958601   76.98768679  -40.96936177
   -129.38511318   48.97719815   54.46034764   32.13165212  -47.64247002
    -14.80418129  -50.00304083 -226.21107673 -335.1107343   132.07878481
    228.75350215   91.0779388 ]
  [ -89.81234003  -67.50886725 -442.94689    -824.72622459  -66.26026219
   -521.67423002 -859.47579517  161.6811016   424.59987255  494.72165964
    623.77225996  435.92647925  241.44878314  286.39174773  399.50494398
    147.72766839    1.02819218]]]