[[[  25.07595032 -107.05538434 -220.46772338 -289.40005139  130.72226711
    152.941596    207.97082827   46.74069019   48.82211073  -13.63212633
      4.96230735  201.82234288  231.01618241   72.84310486 -135.6843779
   -173.48505625 -125.00814636]
  [  51.20594228  116.53962233  -53.490455    -12.91460794  -14.12773856
   -129.22798505   -4.48573629   71.37771225   24.72760088  -62.5724928
    -28.18532682  -40.24506034 -105.77498078 -158.69825932  107.70330105
    174.72772819   49.54672183]
  [ -64.35979596  -41.69408482 -424.75269329 -822.25278988  -45.57936445
   -464.4242425  -818.54824326  191.1256459   482.8452124   530.25794982
    670.88674847  454.98926783  175.64519384  -70.33198445  460.07375586
    217.05114183  -31.56430963]]]