[[[-3.64936603e+01 -1.66482360e+02 -1.15447707e+02 -1.20552182e+02
    7.82802693e+01  7.66905229e+01  2.34970438e+01 -3.62674978e+01
    3.85827095e+00  2.37227455e+01  9.71734594e+00  1.28005857e+02
    2.46765571e+02  2.54901270e+02 -1.57904853e+02 -2.37832005e+02
   -1.74105680e+02]
  [ 3.21452779e+01 -2.37713784e+01 -7.69690999e+01 -6.48541242e-01
    8.80618884e+01  5.02124637e+01  1.64426010e+02  3.88701358e+01
   -7.97716708e-01 -8.44018221e+01 -4.75728475e+01  6.91471000e+01
    1.35453571e+02  2.93058084e+01 -4.83928874e+01 -1.47076997e+02
   -2.25665130e+02]
  [-4.13748535e+01 -5.84079747e+01 -4.96578550e+02 -9.70129751e+02
   -5.97538368e+01 -4.99714058e+02 -9.44466866e+02  2.05260902e+02
    4.31189591e+02  5.27819986e+02  6.31594994e+02  4.05246453e+02
    1.43237386e+02 -1.08057183e+02  4.10739121e+02  2.08338759e+02
    1.56613210e+02]]]