[[[ -27.52179125 -152.87071412 -187.42954718 -287.04336996   88.37798219
    195.13395673  269.96159222  -22.55875751   22.13731021   68.5242379
     69.35044109  172.44265152  250.09568557  275.09728693 -135.85043717
   -211.08793011  -93.2176211 ]
  [  74.65091349   13.70985144  -71.35580084   82.01940559  135.59192426
     11.32304856   79.69077049   64.87306892    7.28924254  -79.92097744
    -50.80048519   91.10186935  164.73634217   31.52884586  -52.06930899
   -175.91289092 -256.36051982]
  [ -53.73541398  -26.29422306 -495.17753793 -857.40904896  -25.48335458
   -461.38756397 -904.86163416  190.64987708  462.79552743  493.21549924
    618.93920464  409.29186898  165.19789507  -22.66813016  443.05917958
    219.67046146  213.43889915]]]