[[[-2.04119419e+01 -1.53268959e+02 -2.93621274e+02 -2.24896428e+02
    8.35223439e+01  5.27306543e+01  6.35148463e+01  8.09573840e+00
    4.80611782e-01 -5.96312800e+01 -7.71354098e+01  1.57809584e+02
    3.53674801e+02  2.23996628e+02 -1.81027373e+02 -2.30676455e+02
   -2.87034457e+02]
  [ 4.60161965e+01  1.25603124e+02 -4.43928933e+01 -2.24547704e+00
   -3.35706550e+01 -1.71131414e+02 -7.29299787e+01  7.87251816e+01
    5.81897365e+01 -2.89260007e+01  8.34681164e+00 -5.08950887e+00
   -9.10773641e+01 -1.95396096e+02  1.48915405e+02  2.25503419e+02
    9.28851275e+01]
  [-7.70550850e+01 -5.91212372e+01 -3.73737681e+02 -8.86817583e+02
   -9.69480852e+01 -5.73345139e+02 -9.81934032e+02  1.71941550e+02
    3.96937413e+02  5.00763593e+02  6.07796961e+02  3.75895667e+02
    2.14937139e+02  1.40604923e+02  3.38419177e+02  1.00232729e+02
    6.23360452e+01]]]