[[[  -2.76567962 -124.47129965 -202.61422728 -248.08825811  112.46303595
    189.80839295  231.51648273    2.76541812   33.34396515   16.68078043
     35.57879245  183.00787904  224.40200804  253.3721459  -150.45534251
   -236.60656208 -301.25701259]
  [  56.88607221   57.42774973  -50.54022554   65.3323202    56.34437775
    -46.80882128   75.58530718   55.47861744  -10.61251751 -103.64424141
    -75.3365207     4.98130857   38.27734218  -72.25581382    6.32697988
     28.81546659  -86.25740147]
  [ -27.92409628   26.29058209 -444.28264465 -823.95452163   -2.02372023
   -447.04730697 -825.32217477  207.57439625  461.17418276  502.17977837
    662.80264952  408.52143735  164.91067842 -112.08394236  441.24557756
    213.89935909    8.48549937]]]