[[[-1.75064491e+01 -1.26497676e+02 -3.62027851e+02 -2.86997551e+02
    9.13954194e+01 -3.22304666e+01 -6.17660834e+01  2.51576260e+01
    2.58605364e+01 -5.81257228e+01 -5.40543409e+01  1.40606707e+02
    2.82697205e+02  1.77243713e+02 -8.12271621e+01 -2.36722332e+02
   -2.84689484e+02]
  [ 5.87669676e+01  1.72545342e+02 -7.68185709e+00 -6.52402912e-01
   -5.50113194e+01 -2.06658859e+02 -1.26428866e+02  9.10175247e+01
    6.98661395e+01 -4.27799989e+00  2.71065833e+01 -3.25807304e+01
   -1.60534316e+02 -2.28835602e+02  1.94052889e+02  3.02967719e+02
    1.86210717e+02]
  [-9.65170552e+01 -7.82043489e+01 -3.70925778e+02 -8.78516946e+02
   -1.09696559e+02 -5.33946428e+02 -9.38960848e+02  1.61251801e+02
    4.11845443e+02  5.02750335e+02  5.89622321e+02  3.87183165e+02
    1.94559416e+02  7.52022525e+01  3.89262816e+02  1.70829583e+02
    9.95515787e+01]]]