[[[  42.89040672  -74.5238646  -274.27108544 -310.40431298  154.26282039
    128.05151885  188.57156214   65.21056058   37.66824664  -30.24151008
    -11.89064962  186.4910932   214.89921526   96.34904738 -105.77544944
   -134.38478094  -95.04336085]
  [  51.38679217  144.1345046   -38.60445536  -11.73412553  -41.36092797
   -161.04315378  -32.06980246   67.29062628   18.60598848  -60.07233004
    -30.17276813  -72.93203991 -150.00859438 -183.17636615  131.49003059
    230.43288309  113.83900562]
  [ -72.77665821  -37.53353946 -442.5600203  -809.32195487  -68.03004849
   -451.7954082  -801.83148222  188.7991524   490.07820724  533.2052987
    679.35525176  462.42719977  151.98311134  -60.92211548  466.70423948
    190.94436874  -24.09694378]]]