[[[ 3.99886016e+01 -8.30483111e+01 -1.80428494e+02 -1.66856604e+02
    1.44653162e+02  2.27205312e+02  4.31911968e+02  3.41758094e+01
   -2.54293035e+01 -7.09921970e+01 -7.31966905e+01  1.24956411e+02
    1.87888216e+02  2.92989252e+01 -1.32131729e+02 -1.95189827e+02
   -2.89633034e+02]
  [ 4.30444326e+01  1.19030131e+02  4.33917585e+01  1.37994304e+02
   -3.29414679e+01 -6.92147717e+01  1.33340101e+02  3.59715861e+01
   -6.72880406e-01 -8.09608459e+01 -5.38140638e+01 -7.94859100e+01
   -2.58766569e+02 -3.31333235e+02  9.91661627e+01  2.10652988e+02
    8.36206671e+01]
  [-8.36217103e+01 -8.07469983e+01 -5.14342400e+02 -9.12046098e+02
   -7.95412028e+01 -5.15385826e+02 -8.26756055e+02  1.72173792e+02
    4.39157784e+02  4.94319303e+02  6.23309222e+02  4.21813999e+02
    2.53658792e+02  4.04335218e+02  4.47659029e+02  1.76598181e+02
   -6.62906591e+01]]]