[[[  18.49428401  -96.50363098 -363.60982497 -525.53066598  143.77519462
     21.84961037   14.74184997   80.89874509   84.89349076   40.47176587
     77.09373101  237.73666411  428.28042445  241.40349803  -69.51746591
   -194.61287545 -228.49245514]
  [  56.12373308  150.59768772 -124.10979743 -157.30169447  -38.35018305
   -234.08503544 -185.31947785  101.86927657   87.75092151   -3.15396414
     35.99677265    4.14464295 -125.18039173 -218.37983685  192.87198888
    303.51773372  178.48040894]
  [-116.78260577  -67.67165471 -269.79258408 -673.82813825 -106.26931688
   -495.70889692 -896.62108674  132.79231794  396.92672549  479.81200456
    615.1206744   370.7062022   177.95031069  174.37824971  404.91542951
    173.87352627    4.0307095 ]]]