[[[  11.34013981 -111.20551396 -198.69372838 -228.76479781  141.85959428
    185.83033761  315.80763344    3.7454421   -33.1604393   -44.01756358
    -74.73151556  132.11138667  346.48039463  290.89871079 -192.72144836
   -313.66797533 -260.04263872]
  [  50.24751038   71.50539297  -47.32805404   60.21734712   28.98960825
    -89.75463252   40.996035     66.99224284   28.56484782  -69.61235579
    -31.31619203   18.87375046  -41.63886804 -153.38723529   64.92348069
     64.44781554  -60.90768085]
  [ -93.14893961  -87.97636417 -524.88679472 -968.05305551  -84.20975147
   -487.74441489 -921.45349856  175.70061103  454.92290872  519.40015181
    637.78001687  438.25980605  351.22627361  207.02787138  455.29929643
    229.05659879   64.69156896]]]