[[[  60.01980157  -58.90792263 -165.43317392 -146.12447521  158.34916053
    194.86099319  439.70438217   50.94394766  -11.01443737  -73.56250406
    -59.49077567  133.0088352   146.66321301  -55.82030994 -139.46173565
   -169.52630795 -266.80744577]
  [  53.92973412  146.05019464   57.65874345  134.04080773  -38.1909109
    -92.88922395  100.17816602   38.73931202   -2.64475809  -77.01723697
    -50.97917108  -97.76721505 -273.39249287 -323.53357008  110.2620969
    218.80679047   84.04026236]
  [ -82.22276071  -79.40463259 -433.67294965 -856.01394611  -80.43830204
   -501.48283253 -808.91746392  169.64026407  458.28069281  488.56023348
    613.02416976  411.47670448  199.50386048  352.11585833  433.60928655
    136.61522544  -70.5692933 ]]]