[[[ -39.19107924 -157.73992605 -148.13304073 -283.38606268   73.62545554
    186.04914752  252.65794819  -41.20660785    4.54423223   48.47386656
     17.84092594  150.26096183  181.24459923  140.73253359 -146.41856239
   -174.57979418  -96.69841801]
  [  62.16947954  -11.70998756  -98.24155269   37.05218436  136.04894109
     -4.90373371   63.3522713    57.74505979   -5.73955781  -87.2075485
    -55.40796513   88.70806209  168.29899726   54.88316966  -76.32286524
   -142.72588164 -194.43088504]
  [ -51.33651703  -32.8373406  -463.06388031 -849.83048154  -31.32644203
   -451.53793146 -819.21121909  201.25049386  487.64634362  526.3268245
    673.62027282  464.13362302  188.88633158  -25.3378272   461.85265689
    154.82239983  -23.00897665]]]