[[[   5.77392436 -100.73038392 -217.58039059 -257.19537791  145.05290922
    232.90265544  320.63253864   -2.85208251  -19.8152657   -11.69045141
    -19.78132866  137.34709214  230.09147334  338.16754811 -175.03249667
   -287.56051873 -326.49845471]
  [  64.96934146   58.56848326  -63.06222462   57.80101962   71.37018501
    -63.80742138   45.92806441   68.77246373    7.23149433  -87.95196149
    -56.87464162   27.79596741   13.93500978 -123.66713825   20.09913113
     50.26301933  -91.3707921 ]
  [ -46.24054889  -12.50415113 -460.73774358 -852.77305081   -8.15746731
   -427.43229592 -848.6918157   192.28592945  435.94437368  492.33317356
    642.82395349  416.65463396  191.00074951  173.89624506  437.35883304
    137.67583969  -75.40263501]]]