[[[ -19.96775486 -146.35670832 -181.0795783  -274.93544274   93.77574389
    196.05905647  267.81310114  -14.21388767   25.29054785   68.58115592
     71.45214851  175.18517868  251.40339344  285.02069156 -131.31889512
   -209.1896958  -138.09884984]
  [  75.5526405    20.31329767  -70.06365409   74.54512959  130.79196155
      4.36232136   86.78685816   63.95226579   -3.15956136  -91.90303858
    -63.82685559   75.73126249  152.83254502   30.19509679  -53.15085897
   -136.83139683 -228.4654287 ]
  [ -46.21511257  -35.67581351 -470.03445108 -862.95423009   -7.01083833
   -464.79816776 -871.0787319   199.7994472   476.63811622  503.46427451
    631.58925727  424.39174334  181.53742843  -36.62021589  455.08213754
    194.89444754  104.11385009]]]