[[[  47.03686272  -70.68883774 -322.52503524 -464.83688386  152.60805492
    -16.77050954   18.7045366    90.92441823   54.71088228   40.43113429
     46.10476912  226.91843813  364.74993237  224.61571877  -88.69442263
   -130.69781277    5.80116949]
  [ 113.60959126  188.56169363 -230.15943778 -263.76179753   38.65747321
   -396.6525017  -369.03230242  152.20708692  127.70633591   31.68472954
     81.46285808   66.39960324  -26.5085501   -56.09618414  200.91736247
    211.8321079    86.57321032]
  [-126.74236415 -101.22920083 -307.62241586 -576.86019497 -110.74541594
   -466.03325035 -824.14653094  114.2879331   385.07843327  446.20478896
    585.59573742  361.00752561  184.90793111  150.50849253  362.80825978
    116.16991403   70.46253556]]]