[[[    4.55643423  -124.25651078  -127.08830179  -114.83435778
     137.85439878    75.40806023    25.68405305    21.68655795
      10.46704434     8.63730562    10.67032717   183.62657998
     324.5044023    254.19326677  -120.98064544  -291.42814062
    -243.82017621]
  [   16.03932794    45.47604244   -57.45818136    51.1796266
     -13.39737418  -110.11307084   -42.27703922    66.91320032
      74.73143636   -10.69241061    46.01410569    54.99147976
     -78.66481081  -185.44996083   109.0613296     82.36207253
     -53.05075341]
  [ -112.80095483   -81.33073774  -505.39379516  -911.92588038
     -82.7778208   -555.42759391 -1030.27624937   140.52585966
     425.49428219   495.83524728   597.09777949   407.14800651
     301.80521472   460.28644634   401.2049368    161.79887129
     206.97883331]]]