[[[ -13.64275018 -147.63611165 -148.54288122 -268.01644542  125.33353038
    179.95288551  254.86529485  -21.77472598   17.85527193   22.55351718
     19.49660631  167.30658964  243.36969797  278.93379931 -140.74119439
   -340.0081377  -242.16890552]
  [  19.81780936   -6.9294975   -82.73896067   47.58995716   46.56501341
    -53.59690757   39.89193989   52.54743453   52.30941951  -39.32830249
      6.76929746   93.59390798  147.32634624   18.82792771   27.45802601
   -133.39618591 -238.69231674]
  [ -92.09771099  -69.42103798 -523.75749176 -911.00191963  -72.42604842
   -525.20406839 -919.19025537  158.11810729  412.77676446  494.43730221
    621.37517031  382.03777245  115.22734124 -130.4147446   434.41268634
    414.28217233  551.51632627]]]