[[[-9.40939378e-02 -1.44799831e+02 -1.55963818e+02 -1.37275316e+02
    1.54577950e+02  7.84496980e+01 -4.23584100e+01  1.92191216e+01
    1.95263106e+01  1.48916639e+01  1.50081845e+01  2.16352885e+02
    3.09570432e+02  2.99415636e+02 -1.71066336e+02 -2.26816123e+02
   -2.14621262e+02]
  [ 5.25187402e+01  9.10049121e+01 -1.15673279e+02 -1.11404760e+01
    1.40326392e+01 -1.69799154e+02 -1.33746968e+02  8.68093966e+01
    4.26182033e+01 -5.20809513e+01 -5.04623524e+00  2.79537856e+01
    5.71512615e+01 -6.10845842e+01  8.79212725e+01  9.61341626e+01
   -1.07592648e+01]
  [-8.20434808e+01 -4.59046509e+01 -3.70592056e+02 -6.83841351e+02
   -5.34727252e+01 -4.86920308e+02 -9.33464697e+02  1.75524292e+02
    4.82788598e+02  5.27815614e+02  6.71366726e+02  4.13369952e+02
    8.66351560e+01 -1.49240471e+02  4.63531413e+02  2.12333429e+02
    1.49765328e+02]]]