[[[  -4.34416019 -124.63520885 -138.61168301 -117.17470047  125.07088447
      9.2240242   -41.54814332   14.46499621    4.03249191  -33.18551102
     -3.23361242  170.4987323   259.60804148  244.4402112  -152.02156556
   -235.64947183 -271.72038964]
  [  38.10000336  106.6290652   -15.39418572   48.40159211  -30.42904184
   -156.50679827 -112.77926334   62.74379862   25.77172279  -56.65428478
    -19.78777874  -27.49035083  -58.05556281 -141.88665493  106.84220266
    192.28065978  108.60726097]
  [ -56.33790136  -19.37535295 -435.65045654 -832.45622444  -21.92906082
   -437.56950547 -871.80737984  190.9988619   472.92150579  521.84908579
    635.82750797  447.04948256  189.03121421  -57.83254487  451.14548006
    231.69286269  -21.68124363]]]