[[[  46.27754004  -63.2975452  -208.96434788 -152.93451659  120.18526044
    191.80157304  445.34935408   51.36552538   -4.45337161  -58.1970514
    -17.99486336  138.59986828  149.3300668   -55.42608985 -106.37714085
   -166.63407348 -269.18417384]
  [  39.97046076  135.11866775   45.38760905  115.99041243  -55.17791023
    -99.59092779   99.89642167   37.78754809    7.44779251  -62.15455099
    -33.98286402  -91.85238506 -262.96640079 -317.41292628  120.53823325
    221.05833431   86.53922655]
  [ -85.93834599  -93.63312652 -419.51667383 -840.16888859  -66.43146328
   -519.48384754 -796.79750629  167.13018426  452.4765953   500.98807912
    638.44990614  431.52059597  182.52254321  297.93307504  427.52000502
    125.96566975  -48.66273434]]]