[[[ 5.25560355e+01 -6.68710687e+01 -1.64460707e+02 -1.84101084e+02
    1.75871019e+02  2.11697569e+02  3.50458264e+02  4.12756510e+01
   -5.01873541e-01 -5.63122130e+01 -8.41235811e+01  1.59968912e+02
    3.67014608e+02  2.67692316e+02 -1.79052812e+02 -2.71076731e+02
   -3.14822515e+02]
  [ 5.71502871e+01  1.16445507e+02 -5.43677807e+00  7.91747322e+01
   -2.14493976e+00 -1.08030049e+02  4.85712985e+01  5.21310252e+01
   -5.21319412e+00 -9.60245631e+01 -7.05404114e+01 -5.45460236e+01
   -1.22317868e+02 -2.19688346e+02  8.00414045e+01  1.57616776e+02
    3.67817615e+01]
  [-7.95216230e+01 -7.08171512e+01 -4.96701874e+02 -9.30416580e+02
   -6.86519541e+01 -4.61293698e+02 -8.48679765e+02  1.85269845e+02
    4.56852548e+02  5.08350367e+02  6.35581882e+02  4.39176968e+02
    3.11380645e+02  6.39367471e+01  4.58681626e+02  2.37396907e+02
    7.15942354e+01]]]