[[[-3.55448672e+01 -1.56793816e+02 -1.91675716e+02 -2.87978327e+02
    7.93681435e+01  1.42877623e+02  2.52642235e+02 -3.44502115e+01
    8.01172691e+00  5.15270229e+01  5.65648194e+01  1.56027684e+02
    2.05462909e+02  2.85803519e+02 -1.46619090e+02 -2.53808483e+02
   -1.49883228e+02]
  [ 5.94570786e+01 -2.52487039e+00 -7.29796395e+01  6.05301845e+01
    1.21439096e+02  5.67688655e+00  7.59334051e+01  5.65649787e+01
    3.16908392e-01 -8.01436291e+01 -4.86618021e+01  8.56622567e+01
    1.39531107e+02  1.83821158e+00 -5.57809856e+01 -1.24840858e+02
   -2.25930408e+02]
  [-5.77242977e+01 -3.22938647e+01 -4.98172747e+02 -8.95820514e+02
   -2.97622589e+01 -4.61707979e+02 -9.00903488e+02  1.87384587e+02
    4.54924173e+02  4.98832622e+02  6.38287011e+02  4.31979781e+02
    1.71820006e+02  1.96828803e+02  4.32814743e+02  1.67388738e+02
    7.81497897e+01]]]