[[[-2.37547770e+01 -1.81516229e+02 -1.31478293e+02 -1.32890665e+02
    9.00945503e+01  1.45975347e+02  1.25827618e+02 -2.51410743e+01
    8.13482440e-02  1.33163169e+01  4.65278569e+00  1.79644247e+02
    2.68632780e+02  2.67799614e+02 -1.76434295e+02 -2.66999857e+02
   -1.93388952e+02]
  [ 5.86519376e+01  2.79505027e+01 -1.05829371e+02 -3.85371987e+00
    8.93533980e+01 -5.80186757e+01  7.99636293e+01  7.06253935e+01
    1.96333238e+01 -7.78878495e+01 -3.43601492e+01  6.62436481e+01
    1.08578351e+02 -1.60138099e+01 -5.38245395e-01 -6.43960628e+01
   -1.64524183e+02]
  [-7.65285571e+01 -5.10728771e+01 -5.46794160e+02 -9.55895918e+02
   -5.16532798e+01 -4.46830951e+02 -7.38565266e+02  1.88648409e+02
    4.81225828e+02  5.39582831e+02  6.97570378e+02  4.54615212e+02
    1.71895997e+02 -8.41420835e+01  4.58674094e+02  2.27859068e+02
    1.27544278e+02]]]