[[[-2.86870870e+01 -1.59754734e+02 -3.40762043e+02 -2.74824914e+02
    1.01536503e+02 -6.00575648e+00 -2.76387730e+00  4.58273681e-01
   -8.17079292e+00 -6.16543281e+01 -4.97741802e+01  1.42986387e+02
    3.21877708e+02  1.55055949e+02 -1.54225164e+02 -3.16513097e+02
   -3.15869506e+02]
  [ 8.22134052e+01  1.64596552e+02 -5.99478535e+01 -4.97503972e+01
   -1.69652093e-01 -1.95598857e+02 -1.08540522e+02  1.08492286e+02
    7.56806859e+01 -1.20981928e+01  2.35839539e+01  8.14452333e+00
   -9.13459614e+01 -1.76418453e+02  1.66707020e+02  2.20934618e+02
    8.16143386e+01]
  [-8.58287251e+01 -5.57689649e+01 -2.73713678e+02 -8.21914304e+02
   -9.33242018e+01 -5.29546104e+02 -9.25761612e+02  1.56644466e+02
    3.79642257e+02  4.72992633e+02  5.80748534e+02  3.55965021e+02
    1.96889363e+02  5.26572127e+01  3.26306756e+02  1.53073920e+02
    8.90908207e+01]]]