[[[  -3.81590045 -118.24449573 -179.08315561 -220.35268359   87.74482057
    173.67257279  251.2097529    27.57057312   17.18733053  -21.21553656
     46.89041254  140.38190798  211.17389345  132.3646732  -102.72560081
   -193.20674059 -247.01268763]
  [   2.70080498   80.43643936   24.44597697  103.36500132  -75.03482703
    -74.49168969   52.8142122    31.26644771   18.7902075   -51.14064732
    -16.10595926  -59.34771235 -181.04267018 -245.21318426  113.36077403
    189.93298453   84.53406082]
  [ -74.71434412  -32.29280816 -556.61067528 -961.09255217  -67.56686719
   -564.0316677  -954.96978882  181.66706525  476.12550277  531.44105564
    648.76163807  451.69913702  248.0275378   154.14057911  455.5716593
    255.75727553  196.13052902]]]