[[[ 2.37195057e+00 -1.05084761e+02 -3.45443851e+02 -2.64235654e+02
    1.14150159e+02 -5.11527992e+01 -4.38458761e+01  4.57460958e+01
    1.30817352e+01 -4.48150023e+01 -3.54001685e+01  1.62817735e+02
    3.48320703e+02  2.06410961e+02 -9.32450127e+01 -1.70608824e+02
   -2.46781091e+02]
  [ 4.61179835e+01  1.60721148e+02 -3.29313963e+01 -2.89213600e+01
   -6.84850864e+01 -2.29876058e+02 -1.55154657e+02  8.33870872e+01
    7.52379047e+01 -7.29084969e-01  3.55317038e+01 -2.73783892e+01
   -1.61565781e+02 -2.33918666e+02  1.99227459e+02  3.13514363e+02
    1.90664066e+02]
  [-1.09635271e+02 -1.21956184e+02 -3.52131964e+02 -8.63617115e+02
   -1.25246003e+02 -5.47504496e+02 -9.56460031e+02  1.50185119e+02
    4.01873706e+02  4.98282272e+02  5.81380624e+02  3.80878680e+02
    2.24706998e+02  1.54873631e+02  3.43482056e+02  1.12108586e+02
    7.99707094e+01]]]