[[[ 4.25752851e+01 -6.42442582e+01 -2.59033714e+02 -2.95314980e+02
    1.29304418e+02  1.40547316e+02  2.03284131e+02  6.63623474e+01
    4.83564065e+01 -2.53314845e+01 -3.54809167e-01  1.95854530e+02
    2.22862854e+02  6.47818049e+01 -9.48333496e+01 -1.62598075e+02
   -1.28612274e+02]
  [ 4.83320016e+01  1.40897021e+02 -2.41389416e+01 -2.63573678e+00
   -4.42330184e+01 -1.51454402e+02 -2.72923529e+01  6.57471045e+01
    2.28713674e+01 -5.35002948e+01 -2.46417720e+01 -7.04801553e+01
   -1.62780596e+02 -1.95749700e+02  1.33168850e+02  2.22368818e+02
    9.77560592e+01]
  [-6.70180189e+01 -4.11859212e+01 -4.16193110e+02 -8.11685257e+02
   -4.38366864e+01 -4.56138455e+02 -8.07442124e+02  1.88522656e+02
    4.80193420e+02  5.26074518e+02  6.67689653e+02  4.53236485e+02
    1.76615028e+02 -6.63116116e+01  4.56677943e+02  1.85126401e+02
   -3.06983747e+01]]]