[[[-2.63983488e+01 -1.21933735e+02 -1.48942473e+02 -2.87804964e+02
    1.05179270e+02  1.75723224e+02  2.00078657e+02 -3.73126588e+01
   -7.39223377e-01  5.09319109e+01  1.22955394e+01  1.42288465e+02
    1.70453050e+02  1.33277101e+02 -1.48481934e+02 -1.73885595e+02
   -5.75073808e+01]
  [ 4.42226945e+01 -3.51456939e+01 -1.08314702e+02  3.60138109e+01
    1.23591064e+02  4.13325238e+00  6.47010843e+01  5.07129513e+01
    2.07267086e-01 -7.73861009e+01 -4.47999539e+01  9.99734502e+01
    1.88837632e+02  7.43641969e+01 -7.95271378e+01 -1.50952859e+02
   -1.94303826e+02]
  [-6.19306616e+01 -5.42853985e+01 -4.47735285e+02 -8.31907219e+02
   -5.27494562e+01 -4.39377323e+02 -8.40726153e+02  1.98102887e+02
    4.98650461e+02  5.41592281e+02  6.86016439e+02  4.74623534e+02
    2.00852820e+02 -4.96901783e+01  4.71957806e+02  1.65484447e+02
   -4.69044985e+01]]]