[[[  30.56363869  -98.82724625 -213.3341089  -283.10163708  141.57283415
    164.88123896  223.54031815   45.90355598   19.21488477  -24.17175861
      8.14578699  174.06000137  199.59145715   78.6507088  -132.79799666
   -164.67529867 -116.92094279]
  [  59.02543455  124.06128989  -48.12216117   -6.87324883   -6.01043788
   -124.523767      7.92986138   73.0092358    17.67917209  -69.09247959
    -34.01738528  -47.27952933 -105.84217887 -163.29872941  101.76953324
    167.03978806   42.05785327]
  [ -60.60540227  -40.72502343 -430.20601114 -840.52352009  -43.54054417
   -434.46515564 -792.18661087  195.12061334  490.64265677  532.87455696
    681.17202864  462.90751316  144.07021814  -74.29242635  466.85280049
    184.09560285  -35.52300602]]]