[[[  -1.94854523  -90.89699773 -371.95131348 -288.33823869   90.26527044
    -82.05232316  -75.55212211   52.11272974   33.74169705  -29.91776101
    -13.93598503  180.24445445  361.68656688  186.85260241  -70.50665852
   -147.89519095 -231.50077451]
  [  42.33579789  164.86000393  -26.45384843  -20.29887952  -80.18836812
   -237.33604137 -160.6293648    82.05281861   72.68257423    1.1011693
     33.95780452  -36.61949963 -167.49142795 -236.5012648   204.23883881
    329.83295561  204.21198944]
  [-111.20290596 -102.68834698 -389.73751674 -865.0964339  -133.35832376
   -523.28367215 -926.26879289  148.2482896   388.44268882  501.85520876
    600.88238356  364.55476752  177.84684852  130.54703968  364.5452691
    136.61765958  101.54083063]]]