[[[ -16.41374221 -114.21160346 -188.48699546 -318.33722541  118.1473659
    170.25311097  205.03324278  -26.11726882   17.20690738   34.17345555
     21.31235904  160.34078358  235.14501899  316.31098335 -137.0002098
   -328.79070075 -156.92303711]
  [   9.764387    -26.99190157  -70.13642712   65.05348238   46.52052815
    -16.60070806   68.31621108   42.28524526   59.7500859   -27.85839325
     14.79631893  112.11152723  176.90518729   42.87080626   15.24247008
   -214.03875488 -299.76044969]
  [ -99.18237674  -84.63616576 -503.48043029 -915.02511495  -89.42594423
   -505.63845616 -924.96919522  142.98771091  385.46685333  463.87603728
    561.36859558  353.68158787   97.88362207 -145.97597663  411.62587389
    498.68922639  661.34479021]]]