[[[-8.91945231e+00 -1.32267361e+02 -1.39656769e+02 -1.24120176e+02
    1.23354784e+02  5.47026541e+01 -3.98711151e+01  8.40989871e+00
    5.37524567e-01 -2.45124934e+01 -4.73337589e+00  1.68543553e+02
    2.54257724e+02  2.40921081e+02 -1.58715713e+02 -2.42952809e+02
   -2.71129191e+02]
  [ 4.64194725e+01  9.64667560e+01 -3.79031444e+01  2.58055662e+01
   -3.62779355e+00 -1.38680566e+02 -7.14027346e+01  6.69349826e+01
    1.96462883e+01 -6.84474840e+01 -3.13125929e+01 -1.44099996e+01
   -2.33755855e+01 -1.15702305e+02  8.40075574e+01  1.55178859e+02
    6.47688241e+01]
  [-5.34053850e+01  4.12245298e+00 -4.09282529e+02 -8.38183054e+02
   -3.83413688e+01 -4.45326416e+02 -8.42886587e+02  1.94138093e+02
    4.56782819e+02  5.22175539e+02  6.56676666e+02  4.29659522e+02
    1.64868895e+02 -7.48927283e+01  4.72919826e+02  2.18100139e+02
   -3.61632185e+01]]]