[[[  15.22007159 -103.82096751 -245.9298007  -290.30773107  152.72159424
    143.07498954  191.89292968   30.22294383   22.60265856   -1.75119385
     20.47252674  155.45992469  365.77939595  355.97145297 -139.32195989
   -266.79834874 -361.79666449]
  [  35.10454924   74.02621497  -79.4980351    -5.07077975   -3.81719328
   -120.63250253   -4.98299186   65.5974361    45.28910681  -48.53225993
     -9.79917277   19.85471405  -76.4229038  -212.84486022   99.11794139
    169.98974242   45.87872713]
  [ -74.62107158  -32.73955116 -470.52152704 -879.8934302   -33.34741738
   -505.24035365 -878.33440325  170.87592402  441.13560613  495.51253073
    633.28495737  423.06388342  279.20788698  320.30868455  386.28536667
    137.15150287  -52.42684577]]]