[[[  15.06147696 -122.38457443 -225.97076169 -268.07162297  138.48835517
    175.07462321  272.26696349   26.97008411    3.61179237  -10.78007813
      0.92141934  174.22265563  352.44524196  295.72849585 -160.87468793
   -253.01863712 -382.43926289]
  [  39.23018043   75.03883819  -72.0036969     7.85174379    3.42144415
   -111.0490893    26.98973801   65.37853982   40.85401395  -54.39082773
    -14.51338888   13.78881681  -94.84885498 -234.30964595   95.46968596
    171.43110958   36.83884852]
  [ -83.77177497  -53.912641   -463.26690671 -878.67062284  -53.84027741
   -499.73413211 -875.5138213   168.92710827  431.97107668  503.82621813
    658.40796709  413.52807943  264.60295166  344.50715036  405.97284677
    151.58350906  -76.6083371 ]]]