[[[ -13.2110321  -138.15471402 -169.6400571  -220.9790184    99.38070864
    224.00987236  222.91296651  -14.30639873   18.7159077    27.79901206
     26.19167382  168.383397    215.00166272  292.95965405 -167.19669193
   -256.06456147 -315.52079988]
  [  47.65228264    9.65509791  -81.97581198   42.2825363    85.64944821
    -35.33440603   65.67895501   53.32902822   -3.60207368  -94.48987527
    -65.1444674    52.28474992  117.05506519   13.92584446  -25.06819169
    -33.67794351 -148.18524389]
  [ -40.9337286    11.41527805 -466.77205158 -850.92451117  -15.87563551
   -465.61446698 -853.02990356  202.13984837  457.08904306  508.38168108
    662.59116499  433.8392469   198.88424649   -7.24833932  434.63648675
    203.00332553   -4.57733495]]]