[[[  43.83124987  -77.97192184 -273.2796176  -223.91107937  148.27030878
     95.51145908  372.87979892   61.0080164    27.58327898  -26.90394472
     18.01960785  177.45711811  244.45899862   88.23609999  -80.79301062
   -188.0233154  -328.43772553]
  [  41.5438522   130.17848727  -17.71477721   33.18681726  -47.09095895
   -155.23426688   46.59249004   53.63208995   35.79766859  -39.96830707
     -7.46583714  -52.88464368 -218.81659223 -314.73009123  138.53151438
    239.97933031  110.4451186 ]
  [ -78.48132435  -63.77747482 -378.65157676 -795.28491423  -36.09207238
   -513.53247275 -722.46636667  159.9141954   419.63698605  481.60000012
    605.53417031  428.6226538   212.28152436  250.57829442  393.27901345
     81.60982486 -102.53479401]]]