[[[ -20.25206199 -105.39313591 -172.19844226 -306.73287139   98.23608435
    200.05164643  229.19849539  -29.52942199  -17.07444913   28.75638564
     -8.53394799  166.69977857  204.55972731  160.05876584 -169.79570102
   -198.11227258  -80.96367762]
  [  55.97731335   -1.98701391  -90.95422811   59.47747792  113.94162028
    -17.87050309   74.10086284   61.63824961    4.37718768  -82.73647626
    -47.08240113   79.92313035  136.40560735    6.2116508   -50.65266416
   -116.11344681 -189.11011131]
  [ -55.10315561  -34.23160624 -463.30549092 -847.65204574  -32.78723003
   -452.30732718 -814.49317503  198.15163013  487.03415764  532.19320638
    701.42548273  463.87079154  189.61429552  -22.90500711  432.06448811
    151.468588    -22.59658045]]]