[[[ -17.41106511 -164.19105385 -218.87122292 -217.39387975   89.19298041
    168.92043821  228.96176161   -1.32602895    6.09014714  -12.53423645
     42.60125039  169.56157408  208.48754288  132.14457037 -157.41954113
   -288.08456732 -276.97997928]
  [  38.91800791   71.8856918    -9.32059174  110.98754106    5.95026388
    -55.0129667    99.59845991   55.83632275   20.97885562  -69.37476171
    -31.75217325   -8.77800989 -117.03358146 -210.71445586   69.48526376
    101.33264868  -25.41897144]
  [ -63.25802138  -26.22776342 -522.39493156 -903.78622069  -28.03349811
   -527.55017846 -901.08723446  186.19037816  457.50877034  515.8448067
    652.30482659  401.99406121  232.99023342  187.53216674  473.3899353
    235.68620593   43.79058579]]]