[[[  -9.21330921 -114.19000361 -193.171756   -287.0478391   137.25391238
    140.52208124  133.76328218   -3.51834257   26.97073796   31.02016038
     -5.88799574  219.92035838  311.50525632  342.91905904 -137.63535996
   -316.89964603 -258.02208707]
  [  33.39499453   26.61565013  -60.13504889   83.94294483   40.17431095
    -22.78888923  102.03651774   52.64372954   27.76924102  -62.7965658
    -20.81715841   55.23912011   69.45389194  -71.58821788   25.43175467
    -79.98658394 -197.44364853]
  [ -82.15326332  -37.63749341 -513.82514282 -914.40747052  -71.82223933
   -553.85522195 -962.17504227  169.80882726  430.65987791  501.56235442
    619.17810078  401.98733469  135.06349733   38.7110902   451.21153397
    345.10412477  400.7412003 ]]]