[[[-2.61249149e+01 -1.20065217e+02 -1.45616173e+02 -2.78863193e+02
    1.08151894e+02  1.77202482e+02  2.01556015e+02 -3.70856925e+01
    3.30581744e-02  4.30528412e+01  1.19912671e+01  1.43987315e+02
    1.74591815e+02  1.34303229e+02 -1.80223501e+02 -1.71976720e+02
   -5.50722706e+01]
  [ 4.87880776e+01 -2.35401449e+01 -1.12232934e+02  3.08527618e+01
    1.21116294e+02 -9.63099758e+00  5.16428122e+01  5.70109943e+01
    4.25456677e+00 -7.61339207e+01 -4.20840646e+01  9.62335526e+01
    1.73095441e+02  5.35647263e+01 -6.86341856e+01 -1.31284509e+02
   -1.78342599e+02]
  [-6.04901745e+01 -5.13695127e+01 -4.38125913e+02 -8.18575067e+02
   -4.98736647e+01 -4.30092307e+02 -8.26438662e+02  1.97372373e+02
    4.95750168e+02  5.38731982e+02  6.81151328e+02  4.71812482e+02
    2.00495154e+02 -4.63074119e+01  4.68604876e+02  1.61779141e+02
   -8.37573479e+01]]]