[[[   7.44097758 -134.33591901 -183.33342295 -257.16819585  110.62426017
    228.00312471  316.74494669    6.06612258  -23.57402596  -20.78868042
    -24.44490038  134.83800026  298.33621074  243.17828391 -176.88802869
   -254.38802456 -277.5923091 ]
  [  59.87430152   63.92038105  -51.63534741   52.23343907   55.82817981
    -62.02230051   82.73856653   67.74659462   18.38390889  -76.96187949
    -41.29991398   21.29230196  -56.62541225 -190.06807167   42.55509255
     77.49913055  -63.00267368]
  [ -60.84427929  -34.91351726 -488.94189234 -913.58620499  -33.02438386
   -451.61993794 -833.9114021   181.99267333  448.22172318  492.81934186
    622.73986556  431.38504637  254.04792533  325.48058121  420.35769672
    112.73938757  -99.74654859]]]