[[[   3.24106105 -149.53707219 -146.17617191 -143.54951502  150.33448765
    211.79608751  348.26208838  -20.38724101  -29.00531302  -29.52994936
    -32.41352593  139.93882446  229.99284208  267.52610783 -198.85110746
   -287.67453464 -360.64319772]
  [  38.44045803   20.99677542 -103.63857406   -1.09922035   55.8841129
   -109.24132881  -32.67971107   74.84721948   50.32565388  -44.99036646
      3.47103562   77.71978886  108.37153851  -12.68682099   47.1786893
    -16.38761891 -160.88404978]
  [ -83.14432762  -72.80125935 -525.10652454 -909.12256174  -35.15119242
   -440.90034592 -870.19587781  170.96507538  455.71001284  517.7248294
    655.14061764  433.62810674  177.69095088  -10.21226703  431.03069094
    195.0648889   277.75590707]]]