[[[ -18.43212184 -187.96143411 -138.57555089 -141.49160984  124.1219191
    190.85690741  172.26470078  -31.50246617  -15.05901309    3.19618931
    -10.52338461  164.4098733   208.93401195  253.38175568 -190.15824254
   -230.1360269  -200.06390622]
  [  48.58628752    8.18683261 -131.3743161   -23.88819614   88.98578932
    -80.97057762   52.66262937   76.06468227   35.18785189  -64.5151802
    -14.52289592   89.77483813  134.42641801   11.15760746    2.52741747
    -67.52670306 -171.97488018]
  [-100.66044603 -109.97309712 -568.81010251 -974.35005559  -74.52034461
   -462.52576061 -717.70759596  182.41611061  507.7866754   568.09596915
    728.96111444  481.93721127  196.47176774  -55.25799988  481.78997486
    206.83082829  104.52360637]]]