[[[ -16.38737249 -135.36372775 -228.12843049 -265.09585045  107.9602156
     94.14807798   94.92880775   -1.91845655   -9.08740923  -29.15045872
    -48.02874397  182.33639372  276.99735636  342.64619491 -164.03079699
   -249.28208728 -310.31012411]
  [  42.53038761   87.67500008  -57.02914013   18.99780069   -2.61424311
   -116.04563262  -33.36018886   62.15894035   16.66914872  -74.12612059
    -41.08132552   -7.8012729   -14.66629939 -134.67550298   77.23025236
    160.70451181   70.64211023]
  [ -50.92560697    2.97239798 -445.90041763 -842.99035204  -28.79130696
   -453.44579009 -881.0657111   193.71550825  458.66778527  510.18690193
    642.82382469  433.31543046  169.19237628   22.38390052  438.15208687
    237.91829818  -23.71973535]]]