[[[  68.41868649  -48.66885277 -306.51110753 -447.02875261  172.76314089
     -2.65204426   -2.26737958  104.38962933   69.31515034   35.29246736
     26.42317521  240.85334236  380.97830116  209.49008318  -71.38061917
   -121.95831502  -99.3561223 ]
  [ 117.78315846  199.75881355 -202.16841405 -220.29215588   35.80753368
   -388.73653441 -352.15873742  143.3341781   114.21060772   21.18216423
     63.63655581   43.73034048  -65.30458045 -102.41465913  202.03282527
    241.21225325   93.42244949]
  [-121.12086783  -77.59696388 -349.14463444 -620.37978662 -111.79397346
   -471.29428686 -833.15403655  120.89868471  382.18766865  444.02700189
    581.62014073  359.12722625  212.07102984  146.54933681  359.59792347
    144.70539162  103.46385903]]]