[[[  16.6717875   -93.91639473 -364.40680437 -568.97574301  139.53057213
     20.11796022   14.53001305   83.62026565   85.5112216    37.81294476
     75.84011026  234.78448377  424.79675539  240.33709839  -63.75619939
   -144.39307328 -202.15195265]
  [  40.26467341  140.02240535 -110.37219568 -148.67966947  -59.49302808
   -221.12587381 -180.7885934    87.74921646   82.18237523   -3.42754726
     32.95313993   -9.84232511 -143.05005    -225.15304114  194.29907912
    326.32042816  217.87899747]
  [-106.5957489   -68.86026277 -308.64342492 -681.33989382  -78.10824253
   -501.34523041 -897.67026785  139.05826067  419.76604613  482.04307768
    608.30598187  367.37687614  213.31596062  168.80890081  398.70995227
    166.29028738  -21.3526309 ]]]