[[[  12.54934948  -84.608133   -396.50515477 -304.77793728  125.65757253
    -80.21792715  -74.05171214   59.85391487   32.86426977  -30.56607834
    -14.77327176  176.32491851  350.74253313  178.93324883  -69.13553724
   -145.23080647 -226.00224405]
  [  53.35340547  175.27451079  -35.09975043  -30.95441319  -68.56766942
   -244.56490494 -161.66420742   87.63422806   71.27489713   -1.68200051
     29.72764799  -37.98579529 -172.47269966 -234.68983575  203.60608866
    329.71001909  203.23713907]
  [-110.40893458 -100.63891427 -375.11024791 -840.68736056 -129.85444886
   -503.91608298 -896.69420206  144.85625594  377.19586216  486.91489779
    583.37051985  353.69730389  171.14171411  126.32573422  353.6063496
    130.57812142   90.58578307]]]