[[[    1.51921637  -126.16455554  -137.97874325  -163.41878094
     169.84979556    93.77758032   -79.73287632    31.53030339
      52.41879669    37.84077833    45.98911411   246.14562536
     339.90159408   329.89275425  -101.16897941  -280.17005795
    -389.34126699]
  [   19.67195133    70.31005532  -106.78927953   -15.50699811
     -30.96599297  -170.29177507  -153.87144749    77.46949947
      62.1546818    -25.71478864    24.30364188    30.21305667
      39.97058467   -75.32779544   122.9233389    111.43777803
      11.20312635]
  [ -134.60021791  -102.43960644  -426.94327369  -747.27165923
    -151.31313488  -549.6878927  -1043.54767898   146.88255701
     443.27191299   539.22330625   681.15049516   407.49393802
      97.07673576  -197.59538192   470.86116418   437.97258631
     464.69507175]]]