[[[-1.20064246e+01 -1.61066338e+02 -2.12711255e+02 -3.01005672e+02
    1.16587322e+02  1.67130705e+02  2.51126024e+02 -2.97285536e+00
    4.54912917e+00  2.62901202e+01  4.45282928e+01  1.94154490e+02
    2.36514028e+02  1.24583795e+02 -1.53004587e+02 -1.95732530e+02
   -1.15653404e+02]
  [ 7.79143243e+01  7.00398775e+01 -2.12363217e+01  1.25746236e+02
    8.57887613e+01 -1.88646981e+00  1.33370330e+02  6.65833834e+01
    1.97594897e+00 -8.89088587e+01 -5.40233937e+01  2.40202637e+01
   -2.18065322e+01 -1.47950038e+02 -8.40157996e-01 -6.91549532e+01
   -1.79277294e+02]
  [-4.20558657e+01 -3.99180622e+00 -4.81445406e+02 -8.77789337e+02
   -6.16194320e+00 -5.18181748e+02 -9.24041798e+02  1.89737235e+02
    4.47267862e+02  4.79190613e+02  5.99202440e+02  3.94455952e+02
    1.91275279e+02  1.53666041e+02  4.27167817e+02  1.97581561e+02
    1.55162937e+02]]]