[[[ -16.86856146 -144.63633417 -179.29515323 -232.7672413    93.70297117
    182.18282059  216.70408269  -15.23463544   15.86614098   33.03828343
     24.43637413  166.34148549  206.59949561  243.23210842 -138.36880028
   -216.898478   -237.0994721 ]
  [  57.298415     21.73716245  -66.19802588   64.98015169   92.85966701
    -18.68022398   86.3732739    54.85360343  -11.25071779 -101.24894287
    -70.46067156   43.39600122   95.24232271  -15.49014286  -34.52817604
    -46.49519797 -152.27228486]
  [ -35.98136041   -4.03970979 -463.25405422 -852.76524079   -3.75840608
   -461.57964148 -856.08170646  207.11974576  475.20484154  513.11171594
    655.99026004  451.31707785  181.52581532    6.21121302  452.07157694
    181.79164728  -30.96704623]]]