[[[   9.96666132  -92.60794871 -241.75845285 -271.22993278  108.6301994
     60.39992936  330.51450181   35.44217493   27.51949542  -21.00049844
     22.73259878  150.51369745  311.42697557  251.42239838 -121.53713571
   -199.24073226 -336.7855939 ]
  [  15.34301703   89.14803585  -42.75318175    9.00961414  -58.46221378
   -142.95832201   36.29294876   44.18118091   41.40703137  -37.80753518
      1.38485746  -24.84718557 -157.09334992 -282.55061894  128.78435853
    241.29914552  133.17540992]
  [ -83.10012818  -55.66560936 -452.64032238 -887.12471621  -56.28022544
   -517.18573059 -771.57236326  160.76429506  441.43535265  497.94486178
    631.86853903  423.17975208  243.21861898  323.3769483   387.26997138
    142.05156332  -77.66080933]]]