[[[  22.18692035 -100.76869753 -172.84469657 -279.64217491  131.90292586
    118.79979345  214.37380802   40.84612185   13.86665531  -30.90370053
      3.29842033  165.69812117  197.75330076  123.45939771 -133.57144673
   -162.03607669 -120.2893302 ]
  [  42.6350973   114.09346409  -23.74797675   15.60366366  -28.82327649
   -115.23227014   -4.87492043   56.69790092   14.3991254   -65.86109759
    -29.81243235  -56.10620161 -120.69032499 -168.91121388  103.20034263
    182.15203509   76.79198745]
  [ -53.63842211  -16.85928443 -438.76023491 -850.14109109  -48.63645487
   -447.13455154 -841.08747365  197.10279756  478.40517909  531.1374752
    666.4015784   452.95214416  206.79095539  -38.64030786  482.44545831
    176.8524556   -47.13811795]]]