[[[  51.98315587  -55.98419538 -205.53457649 -147.0347447   127.09581851
    158.46130113  451.21657003   56.05529882    1.42448885  -54.7169063
    -11.25029296  145.10657257  157.5754286   -48.33598293 -100.72445232
   -162.3095213  -309.70641363]
  [  44.27264618  140.68083876   42.00493248  111.0300585   -52.13571561
   -112.25973011   90.47206236   39.91798022    9.16204457  -59.2354835
    -31.30775491  -90.0571991  -257.91218959 -326.02438282  122.1327694
    222.5258909    88.61524282]
  [ -83.34551332  -74.09824396 -393.37100392 -815.14730384  -75.10626454
   -495.2394481  -770.82541838  164.22632686  442.43494187  492.18640604
    628.60756732  421.55232877  169.13413614  276.94003223  417.35560584
    106.43441285  -63.40358524]]]