[[[ 8.56553939e+00 -1.26247220e+02 -1.87801392e+02 -2.64948573e+02
    1.13633222e+02  1.40761102e+02  1.92939657e+02  2.81198554e+01
    3.31139011e+01 -1.27429195e+01 -8.04167743e+00  1.88180259e+02
    2.28026071e+02  1.99168014e+02 -1.19631424e+02 -1.96862496e+02
   -1.92289444e+02]
  [ 3.67439340e+01  8.93537759e+01 -4.29340249e+01  1.64472367e+01
   -1.58658873e+01 -1.04645011e+02  5.94772196e+00  6.21433066e+01
    2.52258671e+01 -5.95995743e+01 -1.99460499e+01 -2.02357002e+01
   -6.58383761e+01 -1.59860352e+02  9.21415908e+01  1.37717213e+02
    1.88090785e+01]
  [-5.36556020e+01 -1.68482690e+01 -4.47286729e+02 -8.87658910e+02
   -2.12070251e+01 -4.85245463e+02 -8.85820519e+02  1.93188503e+02
    4.74843254e+02  5.24305332e+02  6.61623989e+02  4.48506265e+02
    1.73289611e+02  7.93404978e-01  4.52397068e+02  1.83683149e+02
    8.86014567e+01]]]