[[[  21.3482511  -108.14515738 -215.15759878 -279.67694043  128.78127926
    148.6083406   201.2294645    37.90377066    8.40916438  -24.2507924
     -1.27282956  161.266298    228.16286384  114.27110489 -140.60687105
   -168.29822569  -77.57089259]
  [  51.16891848  109.59054874  -65.10227613  -13.41201989   -7.25272801
   -131.87774229  -17.31570116   75.22496096   30.74717747  -59.941871
    -19.25209683  -25.43590527  -84.45084529 -147.12617078  104.14933203
    158.79967829   34.07245737]
  [ -66.24155866  -59.77106118 -438.93744572 -837.09195755  -34.22090298
   -443.63347809 -830.30678843  192.78282374  488.02534649  539.57398893
    701.2523952   462.49797329  190.01994252  -12.56789439  461.61907337
    153.18732951  -61.29420029]]]