[[[ 2.87757282e+01 -1.11394541e+02 -1.13826465e+02 -5.62288394e+01
    1.44446251e+02  1.28270981e+02  1.37016668e+02  4.14730169e+01
    8.34882872e+00 -2.16791053e+01  4.03512631e-01  1.79812208e+02
    3.72294630e+02  3.46017767e+02 -1.15972794e+02 -2.37479680e+02
   -3.35690758e+02]
  [-2.18127261e+01  2.56217926e+01 -4.42631443e+01  1.99479418e+01
   -6.92473240e+01 -1.58830951e+02 -2.45514083e+01  3.40859932e+01
    5.05080547e+01 -3.32384855e+01  1.05556472e+01  5.21721213e+00
   -8.41551369e+01 -1.77028436e+02  1.14158436e+02  1.89574034e+02
    9.10219368e+01]
  [-9.59405934e+01 -6.77755339e+01 -5.73883315e+02 -9.94751603e+02
   -6.36959380e+01 -4.78654171e+02 -7.49582783e+02  1.71266285e+02
    4.73694048e+02  5.39780502e+02  6.78173019e+02  4.97786423e+02
    4.53853389e+02  1.68707268e+02  4.11242330e+02  1.56407186e+02
   -5.01908783e+01]]]