[[[   2.22545555 -111.97132967 -218.3219201  -215.79413275   97.27293437
    179.86081796  257.12222226   28.75390964   22.82272372  -15.33269805
     53.62925609  146.94759751  173.23742068  133.97243097  -99.84594543
   -231.75445779 -187.17761782]
  [  15.77539505   87.41782023   16.37667832  107.32236998  -55.86704559
    -74.00690503   69.44286622   41.30689247   21.31445026  -53.58544939
    -15.87686935  -51.00829886 -180.84128741 -230.42501698  107.08051773
    152.20271885   39.23851933]
  [ -75.81317407  -33.05960904 -554.11240581 -956.48130432  -67.5113254
   -561.73898862 -951.52087511  181.31388597  474.53727116  528.32461496
    646.1952158   449.35595965  245.21270196  154.40190847  454.17515678
    255.47895652  196.50838625]]]