[[[  27.30893217  -97.86470234 -209.7620734  -275.15743607  132.55331686
    113.43658668  206.85599478   50.66868392   19.42017297  -13.02485301
     44.19096727  200.50709831  191.26783177   72.46775967 -126.25710194
   -157.0194074  -114.63900717]
  [  43.51057439  114.57424905  -44.95599035   -5.22437631  -27.55313892
   -133.97541994  -21.06836432   67.12829767   32.8106819   -49.12346577
     -8.98476114  -40.77855741 -127.55296157 -170.60960262  118.31534129
    180.03476935   56.29720654]
  [ -58.07928243  -27.41151802 -435.19455703 -835.2307519   -29.0689303
   -442.25369123 -827.5541218   190.68183735  486.6833694   530.2831485
    671.60941183  460.7131251   190.43160926   -7.58066169  434.0820057
    157.8852815   -57.06574863]]]