[[[-6.51940208e+00 -1.28861797e+02 -1.19690885e+02 -1.10094004e+02
    1.56655978e+02  9.77766271e+01 -1.57260504e+01  7.85530846e-01
    3.53543713e+01  3.24474172e+01  3.37792256e+01  2.17806718e+02
    3.02628410e+02  2.97132853e+02 -1.48283432e+02 -3.15611090e+02
   -3.02866926e+02]
  [ 2.15379534e+01  2.93662626e+01 -1.34779883e+02 -2.35379980e+01
    1.37096261e+01 -1.14128705e+02 -4.60569079e+01  7.39592097e+01
    6.80974239e+01 -2.49169847e+01  3.14641023e+01  7.70175840e+01
    1.06493830e+02 -1.47895024e+01  7.97072364e+01 -1.85088856e+01
   -1.23795685e+02]
  [-1.17932391e+02 -9.61216413e+01 -4.53626153e+02 -8.37606304e+02
   -1.03074687e+02 -5.09988676e+02 -9.78812757e+02  1.54183309e+02
    4.50980127e+02  5.33343654e+02  6.72964610e+02  3.80892541e+02
    8.56810696e+01 -1.84841115e+02  4.74014219e+02  4.03084363e+02
    4.73083983e+02]]]