[[[   5.76782228 -112.97864287 -159.58444792 -263.67866923  128.98182209
    168.83927684  246.16574875    6.33562247    5.10446308  -11.03552549
    -30.46336958  159.48195095  228.17625027  123.43809184 -174.79276834
   -208.28996298 -110.3997429 ]
  [  81.63836231   91.19664289  -85.92426405   10.74998961   72.08007435
    -94.11865926   20.35112878   89.24075465   23.25498759  -74.269511
    -31.09950074   22.52182732    3.37107871 -115.95923926   43.49078453
     34.47526646  -91.03325008]
  [ -55.46486882  -32.16634773 -406.34727992 -823.61767865  -33.52904266
   -437.30972006 -824.2897264   193.63622443  473.90036508  521.68633496
    681.76044097  448.82753561  147.50071262  -22.16472026  447.61449092
    144.26765809  -23.21440941]]]