[[[ 4.69612129e+01 -5.88548171e+01 -2.09233482e+02 -1.47944840e+02
    1.26058177e+02  1.12074214e+02  3.98827019e+02  6.09877030e+01
    3.84156164e+01 -4.58315367e+01 -6.54806880e+00  1.50130671e+02
    1.65729119e+02  5.97296740e-01 -9.87030498e+01 -1.61239683e+02
   -3.09308173e+02]
  [ 3.45866903e+01  1.35069906e+02  2.70331720e+01  8.49939091e+01
   -6.58966867e+01 -1.41217313e+02  4.83655398e+01  4.37034845e+01
    3.10262019e+01 -3.86346291e+01 -3.34198896e+00 -7.44076367e+01
   -2.60188098e+02 -3.29710622e+02  1.44377243e+02  2.36861548e+02
    1.06272577e+02]
  [-9.99085467e+01 -9.36009390e+01 -4.12801099e+02 -8.37410619e+02
   -9.34548338e+01 -5.12453720e+02 -7.93217536e+02  1.59893617e+02
    4.63539102e+02  5.13701079e+02  6.53928461e+02  4.44421904e+02
    2.27607888e+02  3.12817544e+02  4.07217409e+02  9.08828522e+01
   -8.24513742e+01]]]