[[[  -5.54595162 -109.73949873 -187.54556401 -320.76937722  155.45318787
    168.18394722  163.46119624  -18.06376492   19.46924754   38.83787729
     23.6269982   162.97445754  240.00233532  359.59650215 -135.5110138
   -333.91074679 -205.29167152]
  [  -5.80853697  -43.80453004  -71.78387188   73.83926331   32.18732735
     -6.97930095   86.56101658   30.91913046   55.88832998  -29.54856101
     12.61692084  110.4832012   190.17738959   68.20736023   11.41582271
   -207.68992852 -303.45526816]
  [ -96.59704026  -78.40635959 -533.7252004  -916.68708983  -82.84914796
   -505.95821027 -923.05407276  146.09938012  394.76550534  470.47760686
    572.4821399   336.25020711  107.62166401 -139.76648214  421.33182497
    509.10763652  634.97388052]]]