[[[-8.26002574e+00 -1.38104349e+02 -1.23962000e+02 -8.38400487e+01
    1.24139499e+02  8.39118783e+01  1.10727814e+02 -3.35921382e+01
   -1.38103391e+01 -3.65923434e+00 -5.19049455e+01  1.16551043e+02
    2.53786905e+02  3.06409996e+02 -1.80586948e+02 -2.60545101e+02
   -1.42773405e+02]
  [ 6.05446250e+00 -4.47263564e+01 -1.00361497e+02 -2.03864774e+01
    5.68352172e+01 -4.58852014e-03  1.03013899e+02  4.99862096e+01
    5.81005667e+01 -2.83941760e+01  2.35667449e+01  1.20918220e+02
    1.60734631e+02  3.35477303e+01  4.07103372e+00 -1.77524723e+02
   -2.56298663e+02]
  [-1.11123108e+02 -9.54436764e+01 -5.47957419e+02 -9.90260120e+02
   -9.55847070e+01 -5.84639211e+02 -9.56889195e+02  1.57710400e+02
    4.64744197e+02  5.33914031e+02  6.43249854e+02  4.39376450e+02
    2.29434793e+02  4.17385768e+01  4.45664896e+02  3.36100260e+02
    4.42817724e+02]]]