[[[   7.92621509 -134.06342107 -225.72741055 -267.5474494   149.78647878
    188.35509968  233.30079431   15.40944136   28.50853351   16.19246784
     63.86888122  187.48259217  234.01659357  248.81348269 -130.96955392
   -287.91799971 -287.9066213 ]
  [  67.44404053   80.38883493  -77.75088406   27.12555638   54.49922057
    -87.61217637   34.99977409   79.19201981   22.80798718  -75.06522697
    -37.4602       20.08097041  -23.98101471 -148.20347552   52.0062448
     73.56319896  -64.51188597]
  [ -57.5351199   -35.86287986 -457.39119527 -856.61819608   -8.47048443
   -459.89127548 -855.76082652  191.25568285  451.93709643  513.56228521
    664.76842613  426.14852703  184.55685536   58.68145019  457.37274066
    161.02936343   15.66398737]]]