[[[ 5.39587142e-01 -1.37912464e+02 -1.37585949e+02 -1.32952566e+02
    1.24700686e+02  1.71482530e+02  2.20254157e+02 -3.30958812e+00
   -9.50991874e+00 -1.68713991e+01 -1.17515182e+01  1.61056369e+02
    2.04712521e+02  2.35184443e+02 -1.73220353e+02 -2.59963263e+02
   -2.54494675e+02]
  [ 3.78216334e+01  4.39317594e+01 -3.90998073e+01  7.41765799e+01
    3.17114858e+01 -7.05426860e+01  8.48602432e+01  5.04684021e+01
    2.41650229e-01 -9.21160804e+01 -5.44542501e+01  3.62650192e+00
    5.25453403e+00 -1.00173750e+02  2.55075486e+01  5.48713852e+01
   -5.54685046e+01]
  [-5.32788629e+01 -2.87163215e+01 -5.45069152e+02 -9.33742728e+02
   -2.67060395e+01 -4.53774007e+02 -7.65445095e+02  2.01225369e+02
    4.75815940e+02  5.35194185e+02  6.79163895e+02  4.51569466e+02
    1.84907599e+02 -1.59405664e+01  4.90277195e+02  2.31533215e+02
   -1.17717095e+01]]]