[[[  50.14684347  -75.29667777 -236.00729501 -177.91705242  183.88226568
    224.75787804  392.20601489   40.80206702   -1.23235907  -44.81104489
    -14.09897944  130.60213176  237.57396178    6.96098857 -166.77764059
   -299.24007021 -205.4131662 ]
  [  95.84150214  157.89841513    5.05141468  124.94720708   33.78456179
    -88.13146155  120.77326229   79.65459587    8.98443893  -82.62267643
    -50.06534735  -52.00829908 -206.26786126 -274.05406276   91.39960427
    100.55199307  -75.51063893]
  [ -97.0808895   -89.54898784 -476.80014046 -867.77350052  -88.22641984
   -518.18021761 -864.31688395  164.70399942  445.047548    491.14047115
    645.69962772  390.86456594  177.55213844  218.58478691  422.43413189
    212.06540679  173.47497158]]]