[[[ -36.15327858 -153.57438931 -184.96841165 -283.41774676   81.10547496
    186.33928513  214.29818051  -33.42763622   13.03374493   51.15049967
     25.97557875  160.59980954  192.09584486  148.33954275 -139.78216297
   -169.22520186  -90.81954889]
  [  62.51978568   -0.98281816  -76.23460895   62.85374772  126.02238337
      4.5306869    93.67147369   55.94627823   -9.24262484  -94.15788141
    -63.37922762   75.00713186  143.86974444   27.6294909   -70.19525399
   -143.53433517 -198.72500679]
  [ -45.09840723   -7.54835234 -474.28257309 -865.30807687  -35.84354331
   -466.29465682 -832.16324911  204.95016106  483.10232838  521.25109823
    668.12938282  458.70817918  181.92010607  -34.228849    459.04250601
    185.4566139    12.2110265 ]]]