[[[ -20.73154526 -126.0641397  -166.74643392 -313.52716807  108.96364729
    172.96444259  206.46477412  -24.23161453    1.28819265   50.77970718
     48.8744218   150.37788662  189.77906109  185.21558874 -153.81982578
   -191.0745442  -112.69590324]
  [  38.02804181  -26.17915244  -57.58107918   79.49417808  102.23525904
     22.63510995  113.02034159   40.67588363   -0.94307072  -77.06875877
    -45.78982521   81.69118761  141.07649438   18.85402622  -61.3010503
   -151.41839167 -216.04023959]
  [ -42.09707721    5.52697628 -521.46410339 -928.92249777  -23.41557899
   -479.73714261 -891.06717298  193.3195391   470.19284989  494.06032553
    597.46819063  417.57930093  178.27462111  124.28131254  449.09481342
    216.45569711  132.68066034]]]