[[[-1.86815907e+01 -1.59722900e+02 -2.07901386e+02 -2.99686110e+02
    8.07624433e+01  1.69966407e+02  2.51853459e+02 -8.84801287e+00
    6.26373318e+00  2.98822487e+01  4.79851428e+01  1.94033028e+02
    2.37320678e+02  1.29799298e+02 -1.49985535e+02 -1.90748334e+02
   -1.09939924e+02]
  [ 7.48582733e+01  5.80184511e+01 -5.67560193e+00  1.42945332e+02
    9.16980965e+01  1.60763411e+01  1.67036023e+02  5.83196374e+01
   -8.59767165e+00 -9.73999839e+01 -6.49830535e+01  2.28911595e+01
   -1.15893303e+01 -1.39219240e+02 -1.92800270e+01 -9.20139959e+01
   -1.92936982e+02]
  [-3.80385885e+01 -5.89489500e-01 -5.17510544e+02 -9.16976076e+02
   -2.38172222e+00 -5.14746344e+02 -8.79151023e+02  1.92469133e+02
    4.48490135e+02  4.77361038e+02  5.99604080e+02  3.96371502e+02
    1.94771277e+02  1.56335092e+02  4.28729815e+02  2.01089545e+02
    1.58202348e+02]]]