[[[  10.86592486 -100.94166077 -239.26905946 -283.37269738  120.41285307
    153.85495636  247.32113677   19.963405    -14.04505786  -17.92434091
    -17.98658827  154.97548837  408.02303121  322.20731823 -176.26794812
   -268.71482046 -306.19695168]
  [  40.35332982   75.17834973  -66.1817737    25.97390321    5.52825829
   -104.84285641   25.88003285   65.01243463   40.83212732  -52.69887067
    -14.85891073   22.52349911  -64.44386269 -203.20549268   88.88843519
    126.96954913  -12.51200758]
  [ -78.69711675  -41.21385201 -484.13330201 -893.10194794  -41.56480424
   -518.22834064 -891.44476658  165.4967806   431.75817776  485.34437468
    622.97753853  415.35991315  276.50656089  357.72118328  376.22230902
    130.37982142   34.39129818]]]