[[[  44.74179238  -86.87802307 -256.78706264 -197.68973073  157.49383394
    143.29907478  352.99036193   64.11207851   30.17756409  -23.16696611
     20.10319648  191.32716347  256.76848151   40.47123164 -123.33008715
   -170.81347043 -357.13253384]
  [  41.02949222  128.66959954  -16.55024409   58.52577981  -46.61075511
   -151.77236328   41.45687345   59.03742802   42.35090975  -40.61010756
     -2.67813266  -48.42288802 -241.94143534 -336.89694122  148.00205799
    245.62786919   94.37586923]
  [-121.55220921 -118.57394123 -450.01915044 -826.39336472 -117.99125995
   -524.95388236 -822.77627289  146.18527669  444.73765954  509.93189691
    646.73689707  424.84892337  231.10140639  368.5417369   418.20827377
    130.23070075  -13.33104557]]]