[[[  38.65213925 -101.06512292 -156.6221944  -222.61332301  171.07264009
    250.26591249  345.72599824   33.33805148    7.25523123  -19.80973536
     -1.34764131  161.3345796   239.85567308  209.81976858 -143.28744893
   -252.94377382 -297.63053044]
  [  73.87358038  103.8187529   -14.40997517   76.6622293    43.92839694
    -61.70808938   91.48224694   58.49907462  -18.55719008 -110.99536616
    -85.44891886  -43.60722353  -82.52813834 -186.22032309   37.93596772
    103.18517114  -18.47200823]
  [ -32.31643342   10.13597847 -433.97145832 -854.2718304   -16.87648826
   -434.79975322 -809.94061469  206.784011    450.34100061  499.0976963
    654.26899269  427.69140196  191.39705567  -42.5105678   426.9998688
    193.06489693  -51.511484  ]]]