[[[  32.87210075  -92.00737299 -207.24164794 -272.80837774  135.78335846
    115.8172081   211.88993195   57.09072416   23.42753193  -13.91778363
     47.18392301  202.85887792  189.36814058   29.2716736  -120.58098528
   -151.88169858 -111.08056305]
  [  43.25359283  120.828259    -33.00026419    2.22831532  -34.32111319
   -133.82221448  -21.36980309   64.78751337   31.8303015   -47.02344742
     -9.09128362  -50.48405865 -149.82958319 -178.91861729  124.50752774
    189.18559314   59.3828998 ]
  [ -57.99501313  -25.48493088 -432.93306229 -833.82108871  -27.04243522
   -440.33220059 -825.67590691  189.09890223  460.50463107  526.15110884
    672.68859048  462.04950012  192.85848657   -3.18307463  435.33635862
    160.68939295  -53.40131861]]]