[[[ -11.47965259 -114.0571151  -186.7853993  -242.70209533  129.8474212
    133.37315246  126.15497858  -19.37354202   21.36556655   23.50575247
    -11.77510386  173.59633814  296.91776913  376.67374212 -140.1030367
   -351.52447413 -210.98174374]
  [   7.38991082  -13.75630675  -70.58513037   75.760803     28.5360383
    -19.20193281   81.90697942   45.00314285   59.36474648  -28.49832598
     17.97940418   97.50987243  135.76285395   -4.6461608    33.97913978
   -170.91700744 -276.72184195]
  [-107.84558744  -87.20744245 -550.73440768 -911.01905664  -90.95490323
   -526.78741713 -954.751963    141.6263768   403.12264309  479.50186892
    588.02185309  344.71938628  113.37353954  -63.12295532  428.51602037
    453.38469606  652.15269003]]]