[[[  32.92007944  -93.56571602 -209.15893472 -316.23500576  147.41611688
    169.55665396  225.96794648   47.38755396   20.93960862  -32.39777413
    -25.47548547  176.82374231  210.34121473  131.5041612  -130.15672533
   -195.79484787 -112.16272902]
  [  58.40241044  125.04389449  -52.21399075  -19.66092774   -8.23908493
   -134.13021972   -5.94593569   75.45001455   26.73721897  -62.27754236
    -24.11859091  -41.09355741 -119.57333249 -177.27397985  112.35507429
    178.5542039    56.54383678]
  [ -73.79263584  -61.62180241 -446.59613235 -855.24772963  -64.3293845
   -450.50300391 -805.38249968  191.25708915  498.79224725  541.46657222
    689.51134534  473.69727621  197.91541425  -10.04159092  472.68788013
    162.12650987  -59.41285338]]]