[[[  15.91085459 -122.47815361 -225.25481069 -264.90341099  144.43014809
    180.7752263   273.94365451   25.47874327    5.82173014   -9.18574959
      3.75396646  179.31149611  357.71939289  300.76829044 -198.57101158
   -255.76711697 -379.5494011 ]
  [  54.3575662    83.622798   -102.13532979  -24.54747723   25.09227818
   -135.02762448   -2.30726009   82.80373052   51.72457837  -47.8084283
     -2.7677527    31.70906802  -65.41216755 -214.30566248   99.27135899
    154.98506608    6.74290999]
  [ -98.97072619  -76.85656235 -444.19945357 -860.96927492  -76.55007974
   -479.95139774 -858.5261757   162.74422025  448.56054793  513.81456463
    678.78879822  398.7002439   233.40460056  318.68450944  421.59523138
    130.23006551  -59.41617399]]]