[[[ 3.41898933e+00 -1.22491632e+02 -1.17757846e+02 -6.21755041e+01
    1.29533658e+02  1.15877895e+02  8.18722618e+01  1.76598992e+01
    2.35536469e+00 -2.01236903e+01 -1.02056177e+00  1.69456817e+02
    3.05565342e+02  2.43812814e+02 -1.58349745e+02 -2.52361664e+02
   -3.34317201e+02]
  [-5.21895618e+00  3.58727683e+01 -8.90321704e+00  9.66089923e+01
   -4.63107585e+01 -1.00966950e+02  3.40972325e+01  3.96298868e+01
    4.80959997e+01 -3.57391363e+01  1.14668485e+01  1.16895201e+01
   -1.18456792e+02 -2.19069971e+02  1.02935862e+02  1.36961411e+02
    1.71319090e+01]
  [-9.84182469e+01 -6.85641152e+01 -6.16221216e+02 -1.03800207e+03
   -6.70557837e+01 -5.64531230e+02 -8.81311083e+02  1.62883431e+02
    4.68374792e+02  5.22717960e+02  6.31475951e+02  4.51925171e+02
    3.40544012e+02  3.96378218e+02  4.05460659e+02  2.04157669e+02
    1.07101123e+02]]]