[[[  30.34767172  -84.45312836 -175.75458704 -164.85742411  138.45669692
    227.6952354   433.4767428    21.41674448  -29.03885639  -79.45300928
    -77.45735461   86.1450326   189.44204275   76.94850857 -133.04715719
   -197.12242842 -290.43332292]
  [  29.30345127  103.76354505   55.9817083   156.81683685  -45.1568507
    -48.06905987  135.93090935   23.42428701   -7.11993728  -82.13349756
    -58.40430324  -82.81087196 -259.51054115 -327.94806313   91.38097811
    213.22886175  109.85561902]
  [ -70.8949188   -76.13594966 -552.74071727 -952.809112    -45.43406531
   -520.84079378 -865.35235884  176.38157408  441.6438355   481.14063354
    588.26854782  426.23151142  293.4541336   415.71009788  417.92667237
    221.82857915  -21.80029806]]]