[[[ -42.75743168 -147.47664577 -173.48524186 -271.15115482   79.93533937
    236.64227849  272.0165508   -51.7708116   -24.9042232    38.15653306
     23.17574993  117.39723563  149.22137601  149.07665657 -172.38819699
   -199.03553147  -39.02419266]
  [  52.84831759  -25.8876909  -106.58801052   17.90412208  131.58430919
    -11.54428951   45.98990445   58.84102132    7.36382801  -70.58191107
    -44.4453392   106.67689924  192.20952433   63.85737848  -71.44998127
   -161.40714456 -201.57292279]
  [ -44.43456975  -11.67639723 -437.89093075 -855.06781329  -11.31164073
   -458.20897625 -825.59335927  195.94629343  469.06290205  502.42689804
    622.7338713   445.99031118  176.82727227    1.84168762  444.1785084
    174.86401226    7.80403413]]]