[[[-4.37751742e+00 -1.45234850e+02 -1.53896536e+02 -1.42076483e+02
    1.17713189e+02  5.27539834e+01  5.14325870e+01  2.24903870e+01
    3.60691910e+01  8.04258983e+00  3.50818412e+01  1.71774501e+02
    3.56658667e+02  2.91305019e+02 -1.34988734e+02 -2.71558014e+02
   -2.65034362e+02]
  [-8.27892990e-01  4.45936786e+01 -5.55686793e+01  4.05217909e+01
   -4.62494391e+01 -1.35780191e+02 -7.55743819e+01  6.03380887e+01
    8.00836522e+01 -2.53023386e+00  5.42863241e+01  4.67400483e+01
   -6.99414349e+01 -1.77648643e+02  1.28547814e+02  1.18384611e+02
   -1.34112672e+01]
  [-1.10936223e+02 -7.57613361e+01 -5.05884786e+02 -9.18590316e+02
   -7.79535045e+01 -5.57873112e+02 -1.03912694e+03  1.42941066e+02
    4.37493218e+02  5.04943735e+02  6.11969245e+02  4.18049997e+02
    3.07635247e+02  3.70534611e+02  3.81310285e+02  1.74677659e+02
    2.62951660e+02]]]