[[[  17.19355037 -120.84499036 -272.21146766 -344.15678952  162.92912904
    106.7115447   147.38906729   41.90393514    8.49627476    1.36536147
      2.35093738  205.49667194  403.43714832  268.81418178 -149.50687996
   -235.90402818 -183.00079955]
  [  50.74216472  106.89168573 -111.47360997  -59.0609782    -5.40739084
   -172.49236977  -82.81781718   86.83801327   63.22538587  -35.95848272
      6.43244908   21.11649781  -73.22827343 -174.4084224   129.86402998
    183.88375575   54.75386754]
  [ -94.34458648  -60.08336653 -436.06353407 -837.09175131  -63.96057139
   -508.60350585 -910.42968516  163.67178207  436.78391721  507.65899
    652.90173705  415.29438871  266.78519166  232.26689014  411.56245918
    172.3807871     1.98795086]]]