[[[   1.51495452 -150.68680548 -146.43693292 -142.7841641   150.12992309
    212.29739991  348.32059815  -20.75145703  -28.92708422  -28.89261352
    -32.22776841  140.4361623   230.25652882  267.5276268  -199.22010038
   -288.19976489 -360.48561865]
  [  42.87351305   25.50395786 -112.5401635   -23.28254417   60.24303775
   -115.69461674  -42.89964655   80.20046498   54.5575541   -41.39170675
      7.73725822   81.89451815  111.34342139  -11.32470286   50.96788989
    -14.07286548 -158.6238975 ]
  [ -85.05529405  -75.3022439  -489.71745603 -909.00191772  -38.52335894
   -440.44369389 -872.93120773  169.09461208  452.94628042  515.59899012
    652.2614501   430.54834054  173.98487492  -13.66621711  428.27463883
    192.00473776  274.41349503]]]