[[[  29.30840844  -63.94866946 -279.21344816 -430.6749259   163.36753723
      4.43217286  -41.34690451   79.44816941   62.46334982    5.37234238
     17.09107013  182.92221885  361.02087677  221.23786651  -81.19394091
   -116.15720318 -185.41277668]
  [  42.44077295  144.12011021  -60.65455161  -71.84690681  -59.23855575
   -204.63288141 -165.1875482    77.74815258   70.7365402   -14.865496
     24.57131978  -22.97559175 -174.00198857 -246.58436864  184.21058815
    305.48471734  193.90391145]
  [-110.62070082  -66.52843196 -382.86138255 -759.92305626 -100.48635945
   -533.32565428 -934.33180357  144.38790991  432.35900605  491.90412698
    614.64347819  412.1162389   235.21255314  346.57934502  407.64649509
    132.75444196  -25.50125531]]]