[[[   -1.37264391  -129.39771867  -124.29090709  -111.06849434
     169.92373364   105.91552891   -12.4356187      8.23292122
      41.45645107    31.9520872     39.00277606   234.67251977
     329.64058131   325.42288013  -151.69102956  -334.15355807
    -382.99714448]
  [    5.69961342    21.20377126  -136.38791382    -6.60307228
      -9.80453923  -130.80114093   -58.7288124     68.1717985
      72.1144542    -21.09528493    36.84595855    73.04710216
      95.4162727    -23.09900565    94.49270165    16.14906279
     -96.62096599]
  [ -135.45676467  -119.72169682  -496.20763363  -809.57364812
    -126.26152636  -566.96800105 -1006.28868125   149.22181812
     461.5253558    551.49228779   698.10869855   389.66679714
     123.96886204  -158.684823     486.57912415   415.2175979
     486.97002906]]]