[[[ -15.82803172 -145.94947634 -134.58466018 -142.91008064  110.67462088
    112.87065886   99.78640683  -21.32853908  -11.31765986   17.94487583
     -7.99355172  152.67679472  281.76348362  280.68912955 -142.88308054
   -262.43374079 -190.38884439]
  [  36.01850064    1.56529287  -83.35583959   35.05503852   70.47167774
    -10.1719008    92.31428004   58.469086     34.58728113  -52.61462732
     -6.04038451   83.65417456   99.34536793  -34.52327716    4.36228934
   -117.44550817 -214.65608745]
  [ -80.18069228  -46.35555596 -509.94487436 -935.99596133  -47.30522145
   -514.75828881 -975.06045713  173.15583082  446.64298927  512.35439969
    644.57472451  420.9110938   175.07422699   80.92174284  427.33943399
    273.63524708  322.93676792]]]