[[[-2.24661510e+01 -1.44551133e+02 -1.46679878e+02 -1.28890655e+02
    1.31071808e+02  6.67777867e+01 -4.07601731e+01 -7.26580794e+00
    1.05160314e+01  7.60599871e-01  8.38978153e+00  1.89045681e+02
    2.74773131e+02  2.66425781e+02 -1.65297405e+02 -3.20820756e+02
   -3.29135902e+02]
  [ 4.26315282e+01  7.29915734e+01 -9.33719510e+01 -2.64852900e+00
    1.22715147e+01 -1.39097823e+02 -9.04583471e+01  7.36771378e+01
    3.14808115e+01 -6.19799676e+01 -2.03416472e+01  2.02181042e+01
    3.99749524e+01 -5.84210320e+01  7.48742880e+01  1.07730547e+02
    2.40147858e+01]
  [-8.84169355e+01 -6.02803055e+01 -4.03276436e+02 -7.75191921e+02
   -6.60085706e+01 -4.55289960e+02 -9.10219760e+02  1.76990818e+02
    4.67393005e+02  5.31451417e+02  6.81519217e+02  4.00961103e+02
    1.15885596e+02 -1.53984282e+02  4.86132557e+02  3.91762803e+02
    9.54969310e+01]]]