[[[  20.04591426 -107.38622997 -212.95317933 -279.43982789  127.00078285
    149.645808    202.1343466    38.6995611    12.76043803   -5.99702517
     39.41853049  195.40948359  185.0654842    65.4901655  -136.11837171
   -166.30677236  -74.72065802]
  [  51.00070645  104.12854795  -55.52788249   10.27238364   -2.12716234
   -107.84540336    4.48193067   71.27436137   25.34381423  -63.63990901
    -23.97315825  -28.01694095  -96.38812074 -147.56305967   92.27445997
    138.40207802   16.72968836]
  [ -52.10116433  -34.95933142 -446.18616518 -804.65059862   -9.79655737
   -455.26105665 -837.92920377  196.10661328  476.91780986  529.92727662
    687.73848765  449.64935012  175.37829873  -24.80038584  452.95773961
    177.20009949  -70.54582995]]]