[[[  -1.51862729 -112.80931866 -358.6087928  -286.78026698  102.50004837
    -24.34911022  -54.53225182   47.11508015   41.21618344  -42.09354395
    -41.96399129  154.59915277  299.69634628  192.48190796  -62.60652521
   -135.62364856 -229.21001365]
  [  43.21958323  162.24601516  -16.03673071  -16.57936035  -75.80671745
   -212.25633324 -141.08801593   77.13688857   59.08415951  -10.63214744
     19.47588077  -49.35137286 -167.14030459 -231.86363107  190.64045616
    324.35874792  218.72962098]
  [ -96.86992594  -92.86205864 -356.07059252 -869.11862892 -124.44551902
   -525.82531322 -968.70528372  161.7890651   405.85405677  505.6232983
    585.9506522   381.18028141  182.78480169   58.80618631  382.65292014
    153.50330503   87.37642854]]]