[[[  52.59759979  -63.74905267 -318.22194598 -501.51938238  163.68261723
     33.21622671   32.83095119   95.96889885   62.03431471   40.86200001
     21.18008902  237.10750479  379.39769327  236.62641358  -83.26206353
   -130.93769895  -68.38566709]
  [ 123.60121629  198.8940803  -222.41879045 -272.36792553   48.30836011
   -399.07124428 -381.77606941  157.88634625  129.72032135   30.63777024
     77.58738584   68.02302117  -38.12515612  -88.78350907  206.07178856
    228.2947388    88.28361305]
  [-131.93207008 -106.97618397 -278.76316078 -550.70507798 -118.2620695
   -473.24574056 -835.19623417  109.20179199  380.64808175  436.70915093
    582.34589456  331.24358345  182.66927532  188.12879995  358.8018387
    111.64308068   65.32325652]]]