[[[ -30.06687213 -146.9348693  -180.25186184 -274.73119892   89.0430244
    189.49795171  222.84588801  -29.95233466   15.34349565   38.0225341
     26.04124459  164.45485748  205.31971802  153.12844025 -171.54271702
   -205.34778517  -86.86618787]
  [  66.1965295    10.87581715  -67.82707803   77.44020396  121.51721437
      2.6440469    96.39093826   58.84467651   -5.26766576  -92.51586447
    -62.63656901   69.33130167  119.52692303   -8.23464099  -55.04233754
   -135.54412274 -200.35891797]
  [ -45.49987764  -16.39956919 -484.42124798 -877.94129696  -15.29705255
   -479.12390919 -883.93116538  197.43149894  467.43462918  501.11295051
    620.93752429  444.89012256  208.73631989   42.21875264  443.62275326
    180.07276092   93.10546799]]]