[[[  45.71191251  -94.03909548 -149.24004071 -169.61704584  184.56620786
    227.03570956  359.71182968   31.88456896  -24.96384617  -45.67100516
    -71.26371273  168.52349384  337.2070764   263.56070895 -173.02169331
   -296.66248205 -298.23640117]
  [  72.76859843  110.72018481  -15.52400622   80.31649294   34.81699649
    -92.64696711   61.07644046   59.65472119  -10.62922428 -106.50935185
    -81.09767039  -38.83600994  -84.84654148 -184.12317174   53.90476808
    113.62019849   -9.38896007]
  [ -63.52299991  -51.26219726 -472.11809052 -900.34364557  -48.18748917
   -435.63992342 -820.2781205   191.3563468   466.24592355  499.37376158
    614.75829878  415.57570151  288.09713691   36.49557103  467.54085995
    214.22477407    1.1112111 ]]]