[[[  -3.73670124 -100.23753046 -218.97845611 -274.77488107  146.14352661
    149.25861042  148.18076701   -1.22582377   34.37398851   25.42371276
      1.39020525  190.3349451   278.36788692  311.64118217 -126.49176727
   -298.50378481 -240.70469226]
  [  32.90684318   28.13765397  -34.9302339   117.58298271   37.67600437
     -5.37243847  126.81463159   46.20114842   15.17089743  -73.84381255
    -37.06978498   40.19812008   53.65977164  -78.91359452   15.72287642
    -81.98942498 -200.66944771]
  [ -68.60914713  -35.57294259 -515.52126446 -910.84951163  -38.58679616
   -553.34386906 -958.60799544  175.51864479  425.25029321  490.60809943
    609.80369431  398.91783554  164.74504958   37.61257422  444.20820575
    305.93391105  391.69018939]]]