[[[  45.09887741  -63.00194221 -205.18855716 -151.27079503  118.69153864
    190.19500267  439.91130943   49.17089375   -5.50810063  -57.93890189
    -18.55884214  136.06527746  147.28943029  -53.92200161 -106.41733202
   -163.36295612 -264.92203158]
  [  41.23995973  133.85407743   47.75234361  122.05238394  -51.37433822
    -94.56288131  104.26335812   36.05573565    3.89820854  -66.45140831
    -39.58747959  -92.0525266  -258.52690929 -314.72765495  113.97853515
    215.94549174   85.89833269]
  [ -73.89142391  -60.43090552 -413.25607191 -828.83430313  -61.60256507
   -512.60548214 -786.03412729  171.6655895   447.03631376  493.5298995
    629.58966859  426.19461027  179.93123407  292.70993666  422.42059833
    121.91539359  -88.91824732]]]