[[[  15.27965804 -110.707729    -51.12574892  -46.70785439  151.1015557
    105.6906465    90.2629773     6.71467666   21.45230131   29.14386169
     22.80840613  190.58230148  283.07125777  275.01948638 -151.12431918
   -280.15056024 -225.15323458]
  [  29.49361234    1.02125637 -102.54522244  -25.21710268   57.96594699
    -36.11739949   51.41719089   60.97857701   42.07908146  -44.49472667
      5.06107488   81.92998463  104.35943798   -7.74571625   25.27290202
    -51.24178012 -151.6817128 ]
  [ -80.52543659  -44.93253706 -469.66161221 -952.0108971   -44.67516984
   -471.39672967 -952.96062778  170.26655171  457.80289736  510.69916048
    627.83807687  401.52528908  224.05264462   51.12042751  436.98131743
    246.51614774  285.40719935]]]