[[[  31.77635876  -99.43615378 -217.42771224 -287.43329151  138.20578053
    159.47297329  219.43224332   51.21803644   53.24278979  -23.03958764
      7.28615899  172.09400341  195.78576877   74.23157823 -131.24256815
   -163.71837226 -120.4931984 ]
  [  53.27719353  126.17850652  -40.91567669   -8.56413768  -19.62413764
   -131.32845275   -2.02413458   70.14929485   20.09815303  -62.96389249
    -28.65057212  -54.26831022 -122.93119188 -172.93689069  112.14636828
    185.07064194   61.45179651]
  [ -62.38180839  -41.29629734 -428.87077023 -839.2723535   -44.28437995
   -433.92090113 -790.61756482  193.22332865  489.61320743  533.6497553
    680.46385687  461.59307475  143.59985586  -73.89076773  466.12860651
    185.25718015  -35.08756083]]]