[[[  42.7427382   -86.08445883 -244.90260458 -188.33756759  178.391568
    220.21294357  383.16219791   35.85215708   -6.37394005  -38.3909571
    -17.62043812  166.13848749  240.48686823   54.75305896 -175.46794576
   -310.24296092 -214.11520833]
  [  97.19150619  152.5488362   -12.1523851   108.16361613   41.83415131
    -97.51319257  105.50544808   86.03541671   17.63456539  -77.55277719
    -41.83354532  -35.60968858 -184.71439705 -267.79320011   92.11759578
     90.4802945   -81.72269966]
  [-100.51551788  -91.33694688 -479.00730904 -872.41324467  -89.69138804
   -520.11863581 -869.67725637  163.9400056   448.08240314  496.81534351
    650.72917375  393.50335822  178.36276719  219.08974085  425.10291677
    213.22551048  174.4470158 ]]]