[[[  11.46122565 -112.009413   -206.7182306  -278.08836702  148.10012109
    143.40628635  226.79135774   19.90580527   17.04321704   -8.18840761
    -21.43992342  185.67147808  400.42216275  302.89688977 -182.65109036
   -317.07834431 -306.34614412]
  [  52.89312022   83.55354853  -91.62435746   -9.13835835   22.23267897
   -126.14463907  -11.84381862   83.3949626    57.42929946  -39.9885338
      6.21911048   40.87840285  -40.03544918 -174.73987512  100.3211805
     94.80035517  -50.3788997 ]
  [-106.6859152   -83.37067307 -481.47969676 -931.12296712  -84.89405164
   -515.61675387 -931.12347819  157.99114442  428.31809928  511.04221123
    650.39105083  407.28181313  258.04574568  260.28618469  433.01245215
    206.37715966  163.36670721]]]