[[[   9.38663314 -113.99468238 -323.68635253 -480.32544583  126.43505365
     97.42210471   99.78339165   50.84597397   48.62398063  -12.6607865
    -29.87151577  207.64130407  404.98488248  273.23915181 -134.61991493
   -175.63195748 -246.45284732]
  [  43.29633392  124.99764499 -100.05538086 -100.78891712  -38.40492077
   -185.5623669  -131.0166518    82.40746126   67.49846005  -23.97634551
     11.23852178   -4.49662532 -111.32907886 -214.78218421  164.75918808
    289.72513215  179.0187713 ]
  [ -82.57470921  -27.19765352 -348.97329742 -718.0450994   -67.19048262
   -504.78351351 -930.16317066  163.54010813  428.63494093  492.16526377
    641.78996296  407.76391728  251.70027753  175.92070531  370.75352358
    125.65715375  -78.09218644]]]