[[[  -8.51542593 -140.82981966 -139.38232892 -262.95643402  135.7324977
    194.95043226  271.70342943  -22.3917735    21.42493994   24.6949688
     25.01170627  172.85641284  214.8667177   295.50758709 -166.72651056
   -338.88303986 -283.27559021]
  [  17.21227286  -22.47464003 -102.88257229   34.61200719   56.8990648
    -55.85691941   24.33283972   49.19394052   44.33952031  -47.09732333
     -3.4207474   100.72306631  184.9522787    67.21707048   10.14958829
   -121.45299925 -237.58685992]
  [ -84.78877572  -58.09007834 -516.58691879 -869.77904246  -59.02063453
   -518.64812313 -918.31597466  166.4608154   432.68140036  504.98758128
    646.0198234   403.74997781  130.3380479  -121.72898121  418.634444
    352.62202673  448.06143648]]]