[[[  14.79063506 -110.87262587 -201.16294601 -274.28689131  129.47132326
    161.07140665  247.8435713    20.15063802    4.38531846  -25.63544846
    -35.92712719  159.00691112  227.211346    116.29906556 -174.49639561
   -175.95666435  -72.58629203]
  [  71.61579628  108.05049143  -68.15938094   15.74699037   35.18108531
   -108.40119942   30.35252816   81.46135508   19.10936872  -76.32194453
    -36.28010073   -9.35974685  -40.15224067 -136.295525     68.02358741
     86.94015374  -42.66776123]
  [ -55.86626831  -32.63128557 -445.06910425 -837.03219835  -34.51270059
   -445.74009367 -792.91313829  195.77778923  480.3384436   526.49357093
    691.0273007   455.11815458  150.06410184  -22.4350577   454.20488127
    144.93233659  -26.6869703 ]]]