[[[-1.10342056e+02 -1.96475492e+02 -1.76452758e+02 -4.64650888e+02
   -1.21997310e+01  1.62249497e+02  7.69252468e+01 -4.55592439e+01
    7.57297328e+01  9.87521712e+01  9.59917247e+01  1.79846026e+02
    2.67839293e+02  1.62674655e+02 -3.78384440e+01 -1.34029501e+02
    3.90638273e-01]
  [ 2.17682330e+02  1.64852938e+02 -1.20372600e+02  2.11515685e+02
    2.70511717e+02  1.47056911e+01  3.10880883e+02  9.46477764e+01
   -6.85570856e+01 -1.59912188e+02 -1.44550008e+02  9.18849455e+00
   -8.16151465e+00 -1.54520735e+02 -1.04938611e+02 -2.58870969e+02
   -2.86207667e+02]
  [-1.22038443e+02 -1.33097294e+02 -5.48563353e+02 -7.47267893e+02
   -1.34898694e+02 -4.00019446e+02 -7.69906761e+02  1.38817464e+02
    3.84806716e+02  3.97717458e+02  4.94994721e+02  3.63369715e+02
    1.88979484e+02  2.68188707e+02  3.67357465e+02  2.27344053e+02
    2.76164939e+02]]]