[[[   1.68538687 -134.97297929 -142.37860121  -86.13945708  101.62050901
     84.33523488  136.69381058   25.9171684    17.15509292  -28.06352286
    -22.25595658  175.24987561  341.12490827  202.95294971 -131.14053938
   -206.44374712 -335.80110031]
  [  -7.24901074   56.02391681   -9.4352176    75.2490849   -70.52212477
   -145.12359287  -32.87335156   39.87095758   58.96622692  -24.46644143
     18.10592718   -2.14142841 -163.6890674  -268.14211832  134.47849795
    229.71674455  111.35274941]
  [ -87.92323276  -56.75660592 -558.37408645 -958.11532121  -53.32828927
   -481.37587029 -841.737469    163.14964933  448.92225414  510.30325088
    632.09858003  435.20024753  364.35183175  424.54821566  385.42319273
    141.53328531 -112.00944243]]]