[[[ -12.99992877 -120.49845548 -389.80427719 -303.69255064  100.79667796
    -22.48611131  -53.53353205   23.64262501   29.67915218  -57.64837902
    -47.91530136  145.67613393  286.78020104  182.19890193 -110.89338923
   -260.65067899 -297.69390057]
  [  71.83358745  179.33052382  -29.90571401  -21.5946703   -35.66329587
   -214.89037667 -135.1183984   103.44430257   75.80721311   -3.66925699
     28.65035312  -19.53981914 -146.15855407 -217.7907709   193.60757503
    287.91755681  163.88857877]
  [ -98.46553948  -80.9487016  -361.89822407 -861.13676204 -110.82319097
   -492.23213706 -919.5383602   156.45286661  400.72832746  490.85168706
    575.16244788  376.10599919  186.28374407   70.3203482   378.30766637
    162.9341063    94.62044743]]]