[[[  30.69571697 -100.32166322 -214.27653991 -277.72492644  137.87021718
    156.34391019  212.72758235   48.75347606   16.22691845  -25.09802665
      4.71348947  169.94876564  234.34532091   76.44083522 -133.49267508
   -164.90310002 -117.89813478]
  [  53.65551802  121.33736064  -56.96689269  -13.1030554   -14.02630199
   -136.52859303  -21.01303697   76.0944099    31.75321366  -56.52110778
    -16.88262683  -36.33853929 -109.50446878 -168.14333593  116.48255129
    176.37213874   40.35412545]
  [ -73.06248213  -69.26939611 -417.33952979 -814.5068543   -43.51362838
   -457.3061752  -849.78733163  189.03068018  486.98275562  540.60016902
    703.93759085  461.00011246  183.07891738  -21.50493086  460.75530749
    150.28862386  -30.29325241]]]