[[[  25.19401234 -102.81285622 -248.06103785 -245.13018989  136.11886087
    166.57324296  311.71838436   37.52776419   12.76112712  -27.2214065
      3.61609623  168.65666035  284.01777418  175.37422964 -137.22532485
   -222.20331476 -303.40365215]
  [  45.94597504  113.14270098  -21.9216099    52.95414367  -21.25084512
   -110.88005506   55.69875698   57.41331881   18.7728167   -67.73620317
    -36.13170963  -41.91752463 -156.05347071 -260.10874032  105.52821528
    193.65753722   64.40947685]
  [ -69.78699003  -39.2960645  -464.78256795 -899.23214769  -40.14022254
   -499.8430301  -855.04544232  179.91658032  450.32871682  503.585794
    635.66602224  427.82662409  204.83363542  196.41603914  427.30887223
    192.59365425   22.6932112 ]]]