[[[  39.50907976  -66.11763142 -290.03473208 -441.63678554  191.55442835
     38.19097856   -1.37102903   87.89864666   59.86138751   11.4537878
     47.17137534  176.63174299  303.26221171  155.87870537  -49.40838054
   -123.9822712  -189.37624858]
  [  47.39889515  155.52815012  -37.00281769  -37.41584191  -60.73033456
   -184.30575138 -131.23406939   73.42331003   55.3041429   -26.96152376
      8.95689063  -48.71162811 -214.27966204 -264.97925927  178.66587467
    306.49709798  197.01080393]
  [-114.883472    -84.42777573 -404.21090467 -746.22786555  -90.76633971
   -560.31838046 -960.03458695  146.16693678  446.87088856  500.29062154
    636.32095272  395.89063413  211.81556811  322.17949714  424.93806064
    192.27901482   18.4385679 ]]]