[[[   6.69646914  -75.43512166 -155.55193843 -216.38567659  147.4449124
   -105.02432014  -83.89364826    4.07775515   52.00469306   57.66540484
     21.94932585  192.60610664  305.41069328  403.14474914 -100.261546
   -299.08775987 -170.81411767]
  [ -29.0799578   -66.12898658  -15.66261466   96.81195674    7.96899975
    117.96038105  266.91020113   -8.7713146    17.99444589  -51.85137019
     -6.98143182   70.42364075  137.06227758   30.11277151  -23.28320989
   -224.41972008 -322.75636882]
  [ -75.96178485 -115.73562297 -592.8930236  -937.20040503 -117.91929195
   -602.60243247 -958.19164799  153.90086749  352.35751534  472.96611592
    531.93797532  295.60142535   71.50166497 -106.60201243  380.16006761
    407.67743652  593.43687959]]]