[[[  33.03443369  -91.39379985 -205.98999721 -270.2259774   135.13269113
    114.65430001  209.95129015   57.25606266   23.25108607  -14.347779
     46.67496584  201.4453149   187.94205039   28.85571837 -119.79636352
   -150.32610738 -110.17517153]
  [  43.48822706  121.12604063  -33.59246533    1.92867257  -34.14962506
   -135.29377315  -22.0885208    65.18813222   31.897448    -47.00998621
     -8.84954377  -50.35327079 -147.6028623  -177.74756648  124.51885424
    188.59603215   58.11723407]
  [ -58.45986535  -27.57200314 -431.93741008 -830.16496955  -29.13159867
   -439.2760982  -822.04265415  189.15298994  483.47711482  527.32755094
    667.4408447   457.54559635  188.62491755   -6.53668038  431.04750807
    156.72913691  -56.25102798]]]