[[[  32.37925404  -73.84077363 -228.23008577 -297.12423044  122.15634446
    137.58659045  196.76594205   55.11733603   41.07331909  -26.55698206
     -5.84128949  190.08195399  221.45626061  106.17332534 -103.66333094
   -171.2838274  -135.31019835]
  [  43.08806156  126.76971308  -29.08489565   -4.91135386  -40.59361008
   -140.63225732  -22.15242786   63.59520993   23.1827319   -54.984544
    -23.68624019  -60.34064593 -139.25545214 -184.06672598  124.43153946
    208.64664038   92.479384  ]
  [ -61.94875259  -34.80522484 -448.27077044 -851.4820724   -37.49242744
   -453.16546737 -804.3568675   192.76676016  485.55771118  531.02410033
    672.64860788  459.09582277  184.08585757  -60.14930983  461.90075183
    191.17577813  -24.28831421]]]