[[[  -2.76801841 -130.06524877 -211.17756094 -251.56671587  108.60829809
    186.74336935  229.29194319   -0.87493268   23.92950944    4.96226272
     -7.36983559  175.79931306  219.40679765  246.68772653 -160.74746226
   -202.83765307 -226.7024808 ]
  [  59.21299152   59.88592304  -44.2533101    90.98439168   58.54004345
    -41.76449269   84.4357014    57.60598146   -9.64058699 -103.76545016
    -73.40269387    6.46100526   24.65166456  -92.1719292     4.03851803
     16.5178734   -97.33563077]
  [ -32.75312802    1.17126634 -482.00686144 -836.56117404    0.91183225
   -452.07243258 -834.68910627  207.62045372  473.14071089  510.15369328
    651.31918643  449.05215937  181.34190115  -26.55826494  450.16304584
    182.14387974  -25.99183646]]]