[[[ -19.98568519 -137.57123555 -210.04361631 -267.9779991    98.63447142
    189.88766928  224.42259677  -13.57615764   29.21939166   53.54878816
     73.7364114   176.71282094  213.06422247  254.24556122 -125.11605223
   -247.03761534 -272.17662664]
  [  59.17887689   18.48024462  -62.87078966   71.69291187   99.87749407
     -6.19626313   91.53406532   47.87811725  -23.88637809 -114.13743352
    -91.19865517   40.43140994  132.72947922   35.15946437  -51.13833822
    -68.69165661 -175.75828127]
  [ -26.88267707    7.27499272 -446.2567656  -828.48974737    7.30856146
   -444.36490918 -834.25989746  210.14864662  448.25266126  497.10306384
    652.42752696  423.60786473  179.77444672 -103.75484793  455.16257874
    197.56101735   18.94513196]]]