[[[  -7.47145178 -105.16127904 -180.77115739 -316.06424843  125.52219166
    178.36715059  212.22664418  -24.18504465   21.52356029   39.86244087
     27.33925135  163.26551963  199.40516347  279.66759345 -132.29356813
   -323.09253652 -149.93428511]
  [ -12.14475132  -57.29209688  -79.27464649   55.51513023   33.00243655
    -20.70849363   62.47657499   33.3258257    70.819189    -14.61269594
     31.98180852  130.08473695  203.01323246   77.45504596   14.57613906
   -226.59944385 -299.65846389]
  [-110.47651778  -85.19885504 -539.43135748 -921.08080386 -117.90138008
   -542.69399582 -932.1758265   140.32215491  395.8047001   481.22260138
    602.53873776  335.16073261  102.47120373 -143.01479525  423.69838423
    544.15685173  677.2474868 ]]]