[[[-1.45544566e+00 -1.07744754e+02 -3.33475262e+02 -2.63281771e+02
    1.08339761e+02 -6.44549324e+00  3.26345742e+00  3.28662290e+01
    5.74969741e+00 -5.03396448e+01 -4.09772692e+01  1.51763016e+02
    3.32171029e+02  1.96852659e+02 -1.30974010e+02 -1.78522831e+02
   -2.55396293e+02]
  [ 5.89467898e+01  1.63146202e+02 -2.53779820e+01 -1.31731793e+01
   -4.52524913e+01 -1.90323929e+02 -1.10695944e+02  7.98434925e+01
    4.93029221e+01 -2.89067076e+01  8.97712030e-01 -3.83025106e+01
   -1.36511994e+02 -2.12855688e+02  1.65746792e+02  2.82012289e+02
    1.67183948e+02]
  [-8.24727456e+01 -6.64370299e+01 -2.91983187e+02 -8.41414175e+02
   -1.04179935e+02 -5.52429213e+02 -9.81861605e+02  1.63127728e+02
    3.73265942e+02  4.79792018e+02  5.74733009e+02  3.49632248e+02
    1.89432049e+02  7.42678329e+01  3.51390264e+02  1.60104122e+02
    8.73342088e+01]]]