[[[-1.37272565e-02 -1.32890748e+02 -1.41082847e+02 -1.28776069e+02
    1.20434316e+02  5.83755032e+01  5.87828154e+01  2.50883127e+01
    4.12351003e+01 -3.72254787e-01  3.91855326e-02  1.71944667e+02
    3.44181285e+02  2.33800070e+02 -1.23284457e+02 -2.55670037e+02
   -2.47088783e+02]
  [ 1.36617282e+01  6.74194512e+01 -3.15996125e+01  5.85353373e+01
   -4.00959638e+01 -1.27637244e+02 -5.45755350e+01  5.83993544e+01
    5.81904674e+01 -2.35566332e+01  2.54636944e+01  1.78503878e+01
   -8.30601663e+01 -1.81899188e+02  1.18298707e+02  1.26565948e+02
   -6.49547405e+00]
  [-9.32092747e+01 -3.25066655e+01 -4.93099293e+02 -9.30333985e+02
   -7.34906864e+01 -5.41972241e+02 -1.00881132e+03  1.55444050e+02
    4.24306444e+02  5.00103096e+02  6.23392933e+02  4.02757918e+02
    2.50415331e+02  2.98510172e+02  4.02264001e+02  2.08531658e+02
    2.49511079e+02]]]