[[[   5.03333762  -70.50263871 -150.02084232 -248.43628358  143.29577399
    -98.49588343  -82.305098      6.57526154   55.85165697   62.71633397
     27.02279312  190.10567374  295.17704216  390.15474216  -90.48173439
   -283.44627496 -160.22402475]
  [ -27.12855495  -63.09313769   -1.51530088  105.11566514    8.83594776
    124.44306587  273.19203544  -12.60294253   12.09726048  -54.83202728
    -12.77630439   62.6191651   130.95786503   27.45974823  -28.27607573
   -227.68833055 -318.71368097]
  [ -57.52846699  -73.02371674 -565.44466719 -934.35851982 -102.9030314
   -573.79868686 -935.27518926  157.99283681  343.83411023  453.53537846
    514.37289011  287.87687571   41.95999254 -136.26207626  340.16181535
    428.73966825  578.36512687]]]