[[[  -9.80139545 -121.99336456 -158.92082896 -231.12065136   82.91544479
    189.16591808  222.72274402   -9.55527125   51.48873333   83.30521663
     66.72135737  167.40549824  203.91861768  281.09020008 -110.82804655
   -193.73330544 -167.74211677]
  [  41.07448566  -36.20677081  -68.81756018   54.15002514  118.35568833
     39.36939326  116.91164668   40.40214734   -4.17188549  -82.49267274
    -57.02746975   95.82066217  214.24981819  132.86221595  -75.61625513
   -178.18763367 -251.50700854]
  [ -55.20339672  -16.38991408 -524.53460343 -906.31155666  -47.35824645
   -521.17948401 -913.26504269  198.43593295  474.36115494  514.92238003
    639.98536553  451.44945021  241.81716556   -8.83451535  453.76620136
    257.34188038  155.68217801]]]