[[[ -31.09782341 -152.49361587 -156.2137229  -423.85021631   53.57391555
    208.72013873  143.82274524   -2.37676472   89.96734157  138.19186088
    148.45822212  204.288269    280.86703112  324.09618895  -40.82325552
   -214.26992761 -142.04692531]
  [  66.27823493  -14.93251969  -67.48712225  157.24858531  147.4888805
     72.26842284  177.71844608   37.17586175  -10.39329411  -89.17696572
    -65.67683      93.11568607  198.07793657   87.19102327  -84.64944192
   -251.59377021 -329.406309  ]
  [ -77.03007239  -72.2323192  -589.45757209 -825.75065195  -74.48037859
   -484.1906773  -904.19611154  175.22135694  452.21133765  472.12316027
    579.9001878   392.72769215  137.681537    -15.88355114  441.54035391
    339.05633298  389.7663893 ]]]