[[[  25.10015592 -106.6939736  -160.51861556 -150.91551135  146.8830101
    233.87113422  344.67516972   23.53262389   21.98450658   -8.52916332
     50.73144441  185.32148968  221.6894218   132.22806385 -143.23496401
   -366.66460617 -277.12850587]
  [  66.27850094  105.65223597   32.5601126   173.35739153   26.90478312
    -50.38054864  126.62469879   59.95766536    3.12876859  -82.70993298
    -49.0740925   -33.79922882 -136.82611401 -230.30461547   62.354785
     26.50916918 -121.65124015]
  [ -78.1111882   -51.57056958 -548.76261301 -931.43396699  -51.63038972
   -517.11110165 -890.3630857   171.14169766  430.18711396  488.02986774
    623.43899337  373.08873235  155.27293722   45.55895822  451.00203431
    310.37553329  401.77330941]]]