[[[  27.85965211  -79.23751542 -227.9140109  -296.16273284  124.06981085
    141.22860803  195.0110997    45.82469257   38.23773131  -21.61533512
     -5.81644116  191.22577736  222.7936961   105.62021054 -144.60883359
   -176.20311584  -88.24428417]
  [  54.80019131  121.65631135  -55.17065415   -9.22204063  -12.05596604
   -138.3859925   -13.19080767   74.26886416   26.5137517   -60.69047879
    -24.25067918  -38.16571794 -101.68781825 -155.3243121   109.04856918
    167.64201974   41.78107437]
  [ -61.8419427   -20.91769229 -463.17480371 -833.9874022   -51.35980807
   -436.13595355 -784.52388532  192.41046922  500.4256725   531.0658207
    687.85832958  446.11549517  167.25170769  -41.52069744  448.17181972
    169.11029653  -46.7775285 ]]]