[[[ -37.47813676 -155.37701582 -187.82446719 -287.15534189   77.0621194
    187.33416232  257.87863574  -37.73746723    8.2965577    49.82487365
     22.12593172  154.50340487  186.92625557  145.45955344 -143.19275225
   -171.86551856  -94.17152504]
  [  58.24674565  -11.98745231  -76.0226872    55.67176013  128.48093052
      6.64916171   78.69096649   52.15084965  -10.8215865   -92.98769997
    -64.45990586   81.76728846  167.66821624   61.66018579  -79.41561711
   -157.77642955 -204.22099852]
  [ -46.27320071  -10.68094868 -477.83255389 -868.04787721  -37.64131
   -467.52018732 -836.80370327  204.02176183  480.60356955  520.19824206
    665.63865957  457.77669232  215.14364872  -35.17237265  455.75658132
    183.89504658    9.02326353]]]