[[[ -36.43475881 -131.78051733 -109.5310995  -123.58406487   70.97742502
     71.01984409  -43.82122923  -31.58055609    4.85628446   48.71805724
     15.9490037   157.53108496  229.17403965  241.33775385 -149.27971489
   -232.84880985 -185.14103291]
  [  34.72966453  -30.37539933 -107.21208868   -6.48247096   99.83473845
     47.63648434  160.06291124   36.76378863  -10.43965413  -88.4924601
    -56.53017055   69.40750386  138.91171058   37.49142687  -65.0238077
   -117.76977589 -191.33067508]
  [ -33.90622826   21.910921   -461.15496839 -842.08581242  -10.29221287
   -466.20752555 -840.40704931  205.57950914  462.52790803  514.81051166
    648.56544034  436.43412123  142.84698189  -55.51270921  471.89355366
    226.12588223   -9.82734563]]]