[[[  -6.70003083 -105.8658595  -183.0356385  -320.95628426  127.20488403
    180.39780425  215.5002477   -24.01906169   21.9222099    40.55786824
     27.72972121  165.17621475  201.41962641  283.3475543  -133.62402625
   -327.00758368 -152.20887037]
  [ -13.97594829  -58.79139894  -82.36546153   63.61767421   30.83932853
    -23.22166824   57.28218282   32.83632133   72.4523901   -13.24101781
     33.52074756  131.81697736  205.94900869   80.08027177   15.85169255
   -227.8142225  -302.48744298]
  [-113.61873188  -89.43902002 -546.52982504 -893.44139911 -122.47571375
   -552.94984028 -944.16629449  138.95205697  397.2053725   483.49313852
    606.72435259  335.90186907  100.53185022 -148.707187    425.86069907
    548.53310781  683.41223876]]]