[[[   4.08209552 -119.09994193 -228.09798431 -364.06466957  101.59643289
    166.92835697  130.45519073   41.38282066   66.4765225    40.12494205
    103.46439199  231.82520144  316.67687051  253.96442378  -99.1210431
   -231.13057657 -329.87317536]
  [  22.35609423   65.81222768  -85.16950001  -41.35673861  -21.10007673
   -116.14913999  -32.67498681   65.9409698    49.02955401  -40.84635895
     -2.80222658   10.80823678  -65.80257982 -182.36733381  107.13985762
    181.80303937   69.66676359]
  [ -58.17671043   -4.71062921 -446.68058551 -831.20961153  -11.58578635
   -490.96822963 -866.34445287  182.56410109  442.66068853  514.26597138
    669.50498748  415.18777191  201.16697099   65.35372056  423.29580923
    208.5689447   -24.69189712]]]