[[[ -17.70044205 -141.15077219 -180.18353174 -308.39708723  125.73190085
    184.44861656  260.655355    -28.95638502   23.93046484   35.19691106
     28.96217324  167.80709216  205.45987964  281.93179052 -131.79927625
   -325.91293818 -191.48366722]
  [   9.7483327   -28.29096279  -82.64736899   42.87358584   47.78748925
    -39.92296433   30.46472145   46.55135838   66.59171747  -22.14766054
     23.95629025  120.38893087  188.88832391   62.71636858   20.58303329
   -202.63265839 -287.33608696]
  [-102.84035881  -86.48050778 -504.82741773 -919.46230623  -90.95039531
   -506.78789484 -931.1624507   143.06809064  389.19834954  471.48790289
    593.84070238  329.32789608   94.31975151 -149.90180516  415.81456202
    502.14173592  664.25698235]]]