[[[-3.01705394e+01 -1.43399850e+02 -3.99798714e+02 -3.00826977e+02
    9.20007888e+01  1.92173892e+01  2.82650457e+01 -4.71017026e+00
   -2.25880885e+01 -7.10634546e+01 -6.58445012e+01  1.63487978e+02
    3.16388805e+02  1.83481441e+02 -1.71210293e+02 -3.31662392e+02
   -3.36291716e+02]
  [ 8.38276790e+01  1.68108782e+02 -6.04752046e+01 -3.20278738e+01
   -4.53393148e-01 -1.94837067e+02 -8.14135094e+01  1.09487407e+02
    7.48532834e+01 -1.58095619e+01  1.74226757e+01  6.16064454e+00
   -1.06040537e+02 -1.97405611e+02  1.69139914e+02  2.27684179e+02
    8.84142293e+01]
  [-8.96638556e+01 -5.87445015e+01 -3.50838501e+02 -8.50315321e+02
   -9.47876688e+01 -5.41825172e+02 -9.02492565e+02  1.59049866e+02
    3.86230699e+02  4.79625436e+02  5.91343633e+02  3.63130077e+02
    2.04484315e+02  9.27790111e+01  3.32017122e+02  1.55229863e+02
    9.17680676e+01]]]