[[[-3.40163694e+00 -1.31059404e+02 -2.09910247e+02 -2.17064496e+02
    1.13416045e+02  1.93397115e+02  2.37594396e+02 -4.28397168e-01
   -5.78308388e+00  5.39868119e+00  2.88369862e+01  1.82941976e+02
    2.33524818e+02  3.05550553e+02 -1.62216922e+02 -2.50411484e+02
   -3.18816251e+02]
  [ 4.62819935e+01  4.69083722e+01 -4.79453120e+01  6.99143048e+01
    4.56556006e+01 -5.48696666e+01  8.32218365e+01  5.38004787e+01
   -1.50126034e+00 -9.52473484e+01 -6.32155779e+01  1.41540248e+01
    3.21990477e+01 -8.59578440e+01  1.52525598e+01  3.15260336e+01
   -9.01772431e+01]
  [-4.43667312e+01  6.51517039e+00 -4.84270294e+02 -8.75632816e+02
   -2.16080719e+01 -4.82889673e+02 -8.36378689e+02  2.01387140e+02
    4.61456155e+02  5.14666546e+02  6.71752902e+02  4.37434114e+02
    1.97703975e+02 -1.10565172e+01  4.39433693e+02  2.04598172e+02
    2.95352289e+01]]]