[[[-3.95600069e+01 -1.65625728e+02 -2.03793096e+02 -3.03585453e+02
    7.06796764e+01  1.72522706e+02  2.49812430e+02 -3.36597824e+01
    3.27492272e+00  4.44853658e+01  4.92257963e+01  1.52052614e+02
    2.30619334e+02  1.82726497e+02 -1.51086575e+02 -1.84620171e+02
   -1.02202952e+02]
  [ 7.43021219e+01  2.02746954e+01 -4.76577241e+01  1.07708744e+02
    1.28329534e+02  1.82637169e+01  1.01713665e+02  5.90881078e+01
   -4.86317520e+00 -8.76618894e+01 -5.79191233e+01  6.92879887e+01
    1.03569965e+02 -3.38751225e+01 -5.53559928e+01 -1.63402032e+02
   -2.37890276e+02]
  [-4.01753566e+01 -1.16078441e+00 -5.05867399e+02 -8.65132457e+02
    3.96377055e-01 -4.71777974e+02 -9.11150628e+02  1.89961427e+02
    4.47347582e+02  4.73534419e+02  5.98880072e+02  3.96314320e+02
    1.60651481e+02  1.11845334e+02  4.26592108e+02  1.69610040e+02
    1.99012521e+02]]]