[[[   5.53943092 -135.30927677 -145.49497385  -89.05715612   93.74715305
    176.20076817  331.23198147    4.14310525  -33.13005487  -68.19995755
    -44.48225351  118.98261707  202.38055876  182.87079466 -143.41850453
   -207.96986471 -306.55178878]
  [  15.55566124   76.1595555    54.68754439  176.10712892  -45.04826559
    -47.45096405  105.07004526   17.20855881  -21.24710667  -94.17698384
    -69.06550989  -76.19849575 -142.62862718 -233.21670605   61.05132082
    164.23048558   72.93586645]
  [ -29.30300486  -17.26806658 -501.96152668 -862.72052974   19.69802817
   -471.58188242 -855.32569864  203.80463139  472.66979384  500.88157107
    621.71203577  418.57491946  254.03403036   45.80607421  449.15955494
    175.65365328  -13.30654189]]]