[[[ -25.14121757 -161.1087358  -165.34066657 -327.01304239   87.85774827
    190.8884765   181.84246463  -13.90253475   63.51544299   82.30732613
    116.64474987  182.71152881  223.00259764  215.22257628 -105.17287088
   -285.42504182 -217.62522754]
  [  39.01655583  -19.86852343  -61.64095184  110.32951533   97.90158838
     24.68508307  143.76422659   34.67204908   -3.73973555  -87.24503391
    -57.7518237    75.2437783   142.54165277   25.68544426  -52.09175647
   -160.11007842 -242.22749222]
  [ -64.15951515  -37.03211994 -554.98298614 -901.3615605   -40.05522463
   -557.81639066 -946.39659463  182.67135018  448.98620023  485.91870739
    612.29118512  390.39846733  172.80100921   79.38836678  436.1248295
    327.72495814  332.89827493]]]