[[[ -33.68969093 -150.20644355 -183.17527138 -279.50632802   84.00216534
    145.37493809  212.62896723  -29.74766888   15.53381379   60.55582306
     65.12033002  162.52292028  207.60517878  245.57783566 -138.16923368
   -244.9153682  -142.39350435]
  [  61.77118404   -2.14649031  -76.18602654   59.88576877  125.68893265
     14.4710933    91.50534382   54.25713987   -9.46115457  -90.08624602
    -61.25719997   77.30303257  134.42541202    3.9692209   -65.68746948
   -115.05205414 -204.01088412]
  [ -48.3728881   -21.99768715 -486.39403985 -882.21024397  -19.91991495
   -450.6517693  -886.00588333  196.40379081  462.63621921  503.24295073
    644.97305533  439.43290241  177.51502251  162.3962708   439.89789403
    169.41009644   -4.48343333]]]