[[[  17.78232989 -103.2246932  -213.22106451 -242.79047914  120.37465146
    120.77419426  353.00629969   31.16033282    2.62749176  -44.65606204
    -41.66937528  151.9695905   227.53415039  160.132544   -104.10672782
   -171.35906011 -260.04752202]
  [  29.87828759  109.62418267   11.86590587   68.67134372  -49.86782093
    -99.41009715   69.99992484   32.65880336    2.72044885  -73.23777655
    -48.4298593   -70.94366544 -201.55048667 -288.73966188  102.36803071
    244.67289174  158.39850504]
  [ -58.76312611  -35.02406632 -431.93846273 -896.2095466   -37.48890107
   -500.15479307 -815.9379504   177.09158996  442.76124987  478.21226353
    567.50583069  422.48379494  214.82124955  285.12733556  421.49138486
    226.47325511  -97.84792052]]]