[[[ -40.54257161 -150.26065903 -135.10893273 -270.4948307    79.40248276
    199.6241455   265.11543487  -50.15086838  -24.75781472   47.36967275
     23.06426194  119.81068873  180.79917112  104.15715031 -140.95203415
   -165.30705063  -85.09201325]
  [  55.5276594   -27.76448502 -125.16668288    6.514345    138.81981094
    -15.13740462   30.67047103   61.92580379    8.8907838   -69.65689526
    -34.91889259  111.13097737  189.58936094   73.51142604  -75.08163677
   -152.3769418  -188.92952988]
  [ -65.50261094  -56.32922114 -448.75188147 -834.4822387   -54.83121023
   -436.22623072 -805.05847176  195.92528454  500.88633025  540.736878
    690.24014667  475.80082327  167.29399645  -53.09117939  474.73034631
    165.10513018  -48.48616388]]]