[[[  -6.57288696 -127.67831522 -165.58792279 -234.68198004  116.90316766
    179.14029318  211.81984391   -6.32952283   49.29320852   88.80859668
    100.9391469   165.36702865  194.42658171  276.45108464 -113.76984229
   -200.91968202 -175.25152831]
  [  35.67950145  -31.98306885  -78.20052654   54.29768465  103.34202401
     22.02958535  102.43465412   42.65160137    6.17255231  -75.06304275
    -44.99919193   96.90486454  205.61307571  110.96887107  -58.69681544
   -157.41664584 -240.66947122]
  [ -53.51111805  -31.10552662 -498.03958088 -873.54248224  -32.40698842
   -533.82030918 -920.67368697  199.6019622   485.87640196  520.60345294
    650.9264055   428.49602856  168.47465984  -61.19441441  467.85029547
    273.92835514  176.58549347]]]