[[[-1.79097649e+01 -1.67767170e+02 -1.64294596e+02 -2.11547936e+02
    1.06556040e+02  1.97007116e+02  2.31374396e+02 -2.10143949e+01
   -1.10817988e+01  1.47149208e+01 -5.52950081e+00  1.74092755e+02
    2.24207912e+02  3.01917198e+02 -1.66297017e+02 -2.47185593e+02
   -2.61451806e+02]
  [ 5.79704018e+01  2.33999249e+01 -9.17426823e+01  3.16763338e+01
    9.25408623e+01 -5.03139282e+01  4.51184230e+01  6.44599556e+01
    5.72674962e+00 -8.73155815e+01 -5.25259349e+01  5.91869873e+01
    1.13852670e+02 -7.55606116e-01 -1.65948003e+01 -4.14188858e+01
   -1.56273652e+02]
  [-5.04461249e+01 -1.58040540e+01 -4.63811446e+02 -8.51437710e+02
   -1.52564835e+01 -4.61481686e+02 -8.54028678e+02  1.98556008e+02
    4.65069159e+02  5.18759259e+02  6.74079305e+02  4.42169766e+02
    2.05231716e+02  4.59964297e-01  4.40377817e+02  1.73038388e+02
   -1.23367595e-01]]]