[[[   5.21994554 -130.73606135 -175.56545965 -248.76716211  146.38276575
    229.85992513  276.32952567    3.20806377  -14.44017195   -7.05874653
    -14.45972784  142.09615047  266.94618872  292.37913949 -168.90703686
   -283.42379136 -317.69428411]
  [  63.16521902   60.46851704  -60.62635879   51.03137314   65.86190071
    -58.63306301   75.5091871    68.33461187   13.00070136  -81.82588644
    -46.89458372   25.92363279  -22.430045   -162.51255789   31.3417181
     58.01534509  -79.77269941]
  [ -56.10129227  -21.97988656 -471.38154435 -892.26420717  -21.2509321
   -467.99155305 -849.99878152  185.52710418  456.61823625  493.56101233
    630.30017183  403.99285782  185.40140479  250.76137945  432.08525616
    162.39128376  -40.99224383]]]