[[[   -3.7740363   -127.41061194  -131.49251638  -167.82291876
     106.06876596    84.83001844    33.56851984    22.93096146
      18.68820583    15.83661925    19.53627494   200.70003303
     352.58002863   280.12939784  -119.18188305  -299.68271067
    -250.51060372]
  [  -10.19619943    19.35364155   -76.85584842    29.89973396
     -39.74600675  -120.60690828   -53.12160341    63.54102413
      97.57212059    11.02329729    75.57755454    74.26759987
     -76.14913955  -184.98686912   129.46939292    96.41717543
     -39.80802013]
  [ -140.95789366  -122.74721248  -529.72205755  -915.63519269
    -126.1551378   -625.34149911 -1083.66111487   131.41982713
     453.34624648   526.29198263   637.13096324   435.24320608
     369.70442651   502.06423509   394.01969354   180.46366561
     228.64118338]]]