[[[  48.67865748  -64.8285074  -318.20938824 -502.38317692  161.56114741
     -6.18265658   28.07044745   98.06583988   65.46858192   50.73196729
     57.33804593  239.61028902  379.46270013  237.83725978  -80.10280981
   -129.93385242  -67.70808036]
  [ 116.11478751  192.603678   -233.76610765 -284.85106584   39.62588808
   -401.96122082 -386.27542497  158.03934135  136.14882794   38.47809318
     87.46392916   73.05407997  -30.22491008  -78.83855249  211.15957217
    226.84652545   89.22671313]
  [-137.66358299 -101.31651356 -268.39445234 -572.29010296 -138.39981242
   -461.57581987 -824.30310485  106.08112843  363.00641982  442.4935099
    590.87059402  338.56126913  189.02248772  156.62909401  367.05116004
    122.82178091   77.17541003]]]