[[[-3.97902827e+01 -1.55506171e+02 -1.44288763e+02 -2.81163794e+02
    7.56121764e+01  1.85543227e+02  2.09622600e+02 -3.97068542e+01
    9.78469756e+00  5.60876630e+01  2.36665129e+01  1.54962660e+02
    1.84025052e+02  1.44423226e+02 -1.41545032e+02 -1.71583029e+02
   -9.35533632e+01]
  [ 5.97583016e+01 -1.50960161e+01 -1.03645142e+02  3.43807520e+01
    1.34612626e+02  8.14606591e-01  7.67048512e+01  5.69474909e+01
   -1.96095712e+00 -8.28497470e+01 -4.96508056e+01  9.21482829e+01
    1.64115321e+02  4.68023696e+01 -7.45412306e+01 -1.48032377e+02
   -1.96691304e+02]
  [-5.23088661e+01 -3.25199898e+01 -4.63415487e+02 -8.51666626e+02
   -3.24504569e+01 -4.54082760e+02 -8.19726360e+02  2.01285400e+02
    4.88675618e+02  5.28321984e+02  6.75145348e+02  4.63203494e+02
    1.55372809e+02 -2.80069193e+01  4.64558354e+02  1.88979478e+02
   -1.96737638e+01]]]