[[[ -24.35731752 -141.36116198 -178.15774786 -306.64046242   93.03365399
    187.1603386   263.2347606   -31.81248745   26.76127585   37.99615285
     32.50328637  170.50416446  208.30076191  285.11808983 -129.17650679
   -323.16089889 -188.11955365]
  [  16.3728986   -22.78859242  -80.00859302   45.09910489   55.53424829
    -37.69970545   32.47281097   48.86904107   63.97932734  -25.01222893
     20.14647994  118.48486008  182.76167294   54.95970474   17.77278595
   -205.7008438  -289.09268949]
  [-102.46098236  -86.10742384 -504.70933843 -920.49823153  -91.15346521
   -506.99302676 -932.00125779  143.94971703  389.35656906  469.66661967
    593.81539229  329.2411525    94.01590014 -149.73315649  416.38471109
    503.03964565  664.88944919]]]