[[[  -8.62779803 -131.65724443 -213.22107745 -309.87092856  143.89599889
    150.72225636  145.9024676    -4.88408681   34.31068996   29.80852124
      4.32255443  187.02594683  271.53600206  308.65196125 -122.80202447
   -245.50439586 -223.31220661]
  [  50.68441709   35.14354559  -41.73537222  117.95184843   66.22526016
      3.47405006  138.18994535   50.86152325    3.61941016  -85.21032009
    -48.76580271   40.3963952    68.96271992  -69.09112972   -5.65869579
    -99.24208028 -224.27911805]
  [ -55.91830472  -33.06396227 -503.44945469 -894.46975775   -7.62589396
   -503.19509443 -899.33283839  182.06763477  443.30670595  487.24828988
    624.06736951  390.44751195  153.63432222   22.35596923  425.44940005
    214.18824597  327.13939037]]]