[[[ 1.65865221e+01 -7.75786809e+01 -7.70351819e+01 -3.62906878e+00
    1.33515082e+02  6.89699860e+01  7.76093486e+01  2.55934211e+01
    1.64589029e+01 -1.72169683e+01  7.32772744e+00  1.82008225e+02
    2.56790167e+02  1.29528702e+02 -1.49433089e+02 -3.08728448e+02
   -2.55803671e+02]
  [ 4.09131589e+01  1.10832068e+02  3.68637987e+01  1.45172733e+02
   -2.90056588e+01 -1.09061503e+02 -2.03923230e+01  6.05941739e+01
    2.78813850e+01 -4.53688812e+01 -7.68370317e-01 -2.96237073e+01
   -1.27238537e+02 -1.92797490e+02  1.08384558e+02  7.95792790e+01
   -6.12525742e+01]
  [-1.20233638e+02 -1.21952888e+02 -5.28513507e+02 -1.00399769e+03
   -9.19967922e+01 -5.28461547e+02 -1.00775512e+03  1.45206843e+02
    4.23317076e+02  5.01130376e+02  6.26629276e+02  3.63794571e+02
    1.48990934e+02  1.41461218e+02  4.40373629e+02  3.79665068e+02
    5.52130637e+02]]]