[[[  44.16852164  -73.92392684 -274.01321458 -309.96831627  154.63256142
    127.62212954  188.44485207   66.73406209   36.75281083  -32.94815439
    -13.22871229  185.60280963  215.34167399   96.5756184  -106.10250852
   -133.00295307  -94.73282434]
  [  49.04051162  142.34848265  -40.04461887  -16.52325083  -44.2674505
   -165.16636521  -38.97591822   67.72185621   25.31544936  -52.58552046
    -20.96820205  -68.8445342  -154.48485677 -184.53098559  137.68565202
    229.64755588  110.60819367]
  [ -73.61092262  -38.21005641 -442.67271336 -808.90767014  -67.97340544
   -450.79870754 -801.21120323  187.87773257  489.77183574  533.7384842
    679.18577506  463.7531628   185.51711284  -57.40487739  464.62568607
    157.17168504  -26.96634725]]]