[[[-106.1323415  -223.98491426 -201.59406762 -290.38814585  -51.92503925
    158.93529653   35.34158821  -79.94605356   23.72835579   68.23439042
     45.16563073  145.03062836  238.50733156  188.5763245  -109.13319133
   -219.18632337  -29.46161967]
  [  78.74983066  -17.71212029 -106.12196775   62.5283203   175.21184404
     63.24795756  171.12851783   53.5865514   -10.30022423  -89.99396688
    -59.79139078  103.41401217  141.97782786  -26.58838529 -101.12984353
   -271.89254353 -292.1234109 ]
  [ -99.9695742  -152.22217175 -654.4854036  -989.35694123 -153.03745293
   -529.80922236 -937.46087171  173.71065378  417.55557029  504.4473207
    588.03315254  391.51639904  121.93057336  168.0743937   399.3668429
    223.91717399  277.8635816 ]]]