[[[ 5.89863825e+00 -1.41978034e+02 -1.60323179e+02 -1.38052796e+02
    1.50908407e+02  6.89382508e+01 -4.78965371e+01  3.01551215e+01
    1.64680228e+01  4.55467405e+00  9.46080271e+00  2.10729364e+02
    3.06094378e+02  2.92308656e+02 -1.31468383e+02 -2.19074059e+02
   -2.16114894e+02]
  [ 3.88821916e+01  9.21842848e+01 -1.01689550e+02 -1.82457255e+01
   -1.44197840e+01 -1.90512043e+02 -1.61437421e+02  8.15175418e+01
    4.57817704e+01 -4.64801075e+01  5.08499811e-01  1.14463344e+01
    2.41746767e+01 -7.89398335e+01  1.08372628e+02  1.52465008e+02
    5.01250733e+01]
  [-8.52579115e+01 -5.34328362e+01 -3.74249091e+02 -6.84139676e+02
   -5.97055121e+01 -4.87342563e+02 -9.28935475e+02  1.78649514e+02
    4.76351462e+02  5.43671457e+02  7.10259048e+02  4.46814200e+02
    1.35092831e+02 -1.53437008e+02  4.54540953e+02  1.98950480e+02
    6.94045369e+01]]]