[[[ -21.53822998 -146.52683966 -185.21775454 -280.00256355   91.8807365
    137.93485843  168.56890247  -11.24961708   22.25415554   41.77062556
     29.46587506  205.33059846  247.39490268  243.43036064 -132.90007578
   -213.92031925 -187.692837  ]
  [  67.05287786   38.84452588  -36.88874685  101.38596963   95.26120388
     17.319974    143.78657605   50.99847094  -17.30226933 -105.79790119
    -74.31603507   32.01314728   74.427472    -48.27024406  -36.99017222
    -99.71942219 -200.68903357]
  [ -31.52448942    8.60270994 -457.36109929 -878.60537192    5.99863748
   -488.70042132 -885.96204532  202.03186463  449.99117492  491.49800571
    627.96393572  424.66945465  156.0502317   -16.8558006   430.69548013
    206.32737578  157.57578482]]]