[[[ -31.82480363 -153.65966398 -187.58503632 -285.90835386   83.74439917
    183.80879662  214.30888484  -28.92437926   13.47311944   58.05423375
     62.40213345  161.95953746  209.87934969  292.56138421 -142.58775478
   -256.46254677 -195.93424918]
  [  52.26624076  -11.6578657   -81.89782384   60.33568196  116.19038439
      6.45288856   97.20017932   52.15492487   -1.03664181  -83.38510524
    -53.36189153   85.32072871  148.67666725   21.31385152  -56.66275773
   -125.83895505 -226.64137862]
  [ -58.13230071  -29.23832377 -500.28796733 -898.0316756   -29.19980712
   -497.23480402 -903.82975259  191.54164273  461.19522759  506.23631719
    645.87483604  437.13405489  173.85372954  158.30937324  440.22067621
    207.33282217   83.06017577]]]