[[[-1.96871190e+01 -1.46833427e+02 -1.81897955e+02 -2.76106946e+02
    9.43144442e+01  1.96703347e+02  2.69003179e+02 -1.44410454e+01
    2.52175357e+01  6.69895578e+01  7.10741718e+01  1.75759355e+02
    2.52752189e+02  2.84417280e+02 -1.32084004e+02 -2.10010981e+02
   -1.37890910e+02]
  [ 7.51193888e+01  2.05230884e+01 -6.94434034e+01  7.63645138e+01
    1.29715661e+02  3.55367902e+00  8.76872032e+01  6.46237088e+01
   -3.63203217e-01 -8.95417117e+01 -6.02907475e+01  7.75568427e+01
    1.51814074e+02  2.63620211e+01 -4.99111866e+01 -1.41655201e+02
   -2.34905782e+02]
  [-4.98208623e+01 -3.92937885e+01 -4.75481950e+02 -8.69978965e+02
   -1.05598878e+01 -4.70309956e+02 -8.78290525e+02  1.96984902e+02
    4.75193264e+02  5.02742323e+02  6.30722632e+02  4.22709151e+02
    1.79412002e+02 -2.98234099e+01  4.53943957e+02  1.95610503e+02
    1.43153778e+02]]]