[[[  42.00332527  -56.0217055  -318.16115938 -429.1774503   169.16342279
      3.98173152  -39.85268183   95.47271717   72.8724717    12.97525833
     23.16815061  225.03338801  409.46909705  230.61046217  -69.7286424
   -109.33008445 -112.02700006]
  [  36.11112251  148.29003773  -76.39396643  -92.3453063   -76.06768758
   -236.78046311 -195.83297288   78.10065129   66.87711239  -13.00785542
     23.13287982  -36.52540112 -159.22382682 -207.55761874  192.22527755
    310.77052116  189.20213235]
  [-116.53009324  -87.03420551 -401.16780729 -746.24258707  -92.42245072
   -519.88044498 -919.61593078  146.43405422  446.04128924  504.536535
    630.22792533  423.21171861  231.58497093  150.55220069  421.97929014
    154.18422668   98.9972965 ]]]