[[[  15.94891787 -109.97678145 -120.65444637 -103.09024137  128.04578718
     64.62459718   67.078405     35.8726355    10.17279206  -12.70340197
      5.00464493  201.00611498  353.8126679   182.02965375 -140.74208221
   -225.96360134 -311.34751026]
  [  26.29370142   89.10103175  -17.44191448   57.50604038  -36.5137052
   -147.81643064  -61.87581113   57.65012237   43.3825456   -42.02364436
     -1.25312126   -9.1063504  -116.51226875 -220.06944981  118.91648419
    191.62206157   58.79959699]
  [ -74.05354288  -27.71360417 -483.49243321 -914.82863929  -28.77901565
   -478.22224022 -874.33143659  171.084766    432.40678985  505.01838655
    646.26631339  411.92289478  232.81346058  266.73292887  407.41821325
    170.9741555     2.73472675]]]