[[[ 1.65891028e+01 -8.96406843e+01 -3.61769460e+02 -2.56609390e+02
    1.43809207e+02 -1.74074100e+01 -1.58947033e+01  5.52820693e+01
    3.92925989e+01 -7.02806114e+00 -4.86253684e+00  2.27853306e+02
    3.82745971e+02  2.42332575e+02 -1.10232042e+02 -2.41708426e+02
   -1.94518395e+02]
  [ 5.93331114e+01  1.56349702e+02 -8.94051013e+01 -6.39106796e+01
   -3.76834171e+01 -2.48106898e+02 -1.61818587e+02  1.01892913e+02
    8.59022306e+01  8.69046120e-01  4.25092680e+01  6.73132562e+00
   -1.11837110e+02 -1.85121237e+02  1.87436143e+02  2.29254783e+02
    7.82543959e+01]
  [-1.14741604e+02 -1.03599244e+02 -3.92091285e+02 -8.51635545e+02
   -1.35485097e+02 -5.59710170e+02 -9.28651409e+02  1.37053749e+02
    3.57007382e+02  4.77528117e+02  5.69286365e+02  3.34010523e+02
    1.79724179e+02  1.49210438e+02  3.34165635e+02  1.13204262e+02
    2.20887353e+02]]]