[[[-6.58550074e+01 -1.06163321e+02 -9.14848150e+01 -3.95294193e+02
    3.18287096e-01  2.17240881e+02  1.16813108e+02 -3.90140785e+01
    6.34217472e+01  1.44562643e+02  1.58504966e+02  3.66433397e+01
    5.40797954e+00  1.27594677e+02 -3.72824003e+00 -8.77846310e+01
    3.62966046e+01]
  [ 3.53614340e+01 -8.50173684e+01 -1.20776842e+02  1.98337950e+01
    1.55740199e+02  9.60207728e+01  1.14416389e+02  1.34914546e+01
   -3.68945475e+01 -6.39534658e+01 -6.40944899e+01  9.80150343e+01
    2.30162460e+02  2.07005850e+02 -1.50252435e+02 -1.86831527e+02
   -2.26815236e+02]
  [-5.36325683e+00  2.05092854e+01 -3.87846457e+02 -5.73761624e+02
    2.44370021e+01 -2.74849883e+02 -6.08210417e+02  2.06015933e+02
    4.54540608e+02  4.62679085e+02  6.33827334e+02  4.68511222e+02
    5.33035047e+01 -2.10764066e+02  3.49145444e+02  5.67679964e+00
   -2.41443968e+02]]

 [[-8.11063468e+02 -6.92222401e+02 -7.20912141e+02 -6.54897461e+02
   -9.29904435e+02 -9.33112847e+02 -8.69363006e+02 -7.91826300e+02
   -8.09159861e+02 -8.42442050e+02 -8.23185730e+02 -9.22620554e+02
   -1.07939170e+03 -1.09013523e+03 -6.72163960e+02 -5.81343237e+02
   -6.12407390e+02]
  [-2.11333622e+02 -1.44366850e+02 -1.18680557e+02 -2.16944708e+02
   -2.78300341e+02 -2.48550254e+02 -3.53428374e+02 -2.50404344e+02
   -2.71254890e+02 -1.97365884e+02 -2.47028458e+02 -3.46053580e+02
   -3.76021925e+02 -2.57506258e+02 -2.03666442e+02  3.81606541e+00
    6.26447152e+01]
  [-1.08409659e+02 -1.04733556e+02 -5.83496616e+02 -1.03964220e+03
   -1.12085697e+02 -5.98159049e+02 -1.05082267e+03  1.48512806e+02
    4.21807351e+02  5.00147407e+02  5.94297144e+02  3.54439195e+02
    1.92547784e+02  1.80790087e+02  3.62412862e+02  4.05640734e+02
    5.07799897e+02]]]