[[[-5.16976664e-02 -1.42481018e+02 -1.85349911e+02 -2.28400189e+02
    1.32432278e+02  2.15023645e+02  2.58657195e+02  2.76423527e+00
    1.55317525e+01  1.53631231e+01  5.09522927e+01  1.68651400e+02
    2.10414350e+02  2.33131967e+02 -1.39522904e+02 -2.60724181e+02
   -3.28316677e+02]
  [ 6.48981850e+01  5.89377136e+01 -6.81762624e+01  3.55765244e+01
    7.08586427e+01 -6.30717327e+01  5.08142347e+01  6.86181580e+01
    4.32736431e+00 -9.10699578e+01 -5.83684085e+01  2.12337159e+01
    2.41689129e+01 -9.36313818e+01  1.81628706e+01  4.24353436e+01
   -8.57139226e+01]
  [-4.05343702e+01  9.69080756e+00 -4.32169608e+02 -8.53122706e+02
   -1.76167265e+01 -4.34252108e+02 -8.53223972e+02  2.00761191e+02
    4.55006959e+02  5.05364122e+02  6.60308931e+02  4.29353403e+02
    1.59296131e+02 -1.13101331e+01  4.33501702e+02  2.00404321e+02
   -6.88305682e+00]]]