[[[  17.62612667  -95.08579963 -251.79817975 -242.95018029   96.37012152
     86.539576    379.22806557   51.21158835   59.77657041  -23.42026658
     15.20752541  175.60863043  242.20765197   81.67613609  -84.45168899
   -158.875081   -303.45334776]
  [  18.74939585  114.12308758   -4.48454574   38.11019063  -76.624454
   -146.45632337   50.45175918   39.65741435   32.09337959  -37.55789631
     -5.75488894  -63.75062887 -216.77533993 -306.76298805  141.85729049
    260.74333039  147.58170125]
  [ -90.48873953  -73.60072358 -404.75160716 -840.67375427  -76.7917777
   -549.49784081 -763.17923657  161.65025337  464.12723829  510.73213199
    629.63876529  442.27076901  215.5516909   211.8269063   410.4892492
    163.82584054  -57.42910603]]]