[[[ -18.89089574 -146.99045599 -183.56482174 -280.01289608   94.74853173
    197.12678519  271.43003733  -13.08946326   25.91261925   66.61336137
     71.54056948  176.91822289  253.9725708   282.87130484 -132.05958494
   -210.56308075 -138.45849728]
  [  72.17130131   19.05909816  -63.59496267   90.64964596  125.28345043
      5.7372001    90.18382764   61.71914391   -0.90227594  -89.2071096
    -60.66816745   75.66630144  150.61050036   24.92961293  -48.99774175
   -145.15668647 -240.22639751]
  [ -46.11601682  -16.49592883 -485.74156021 -842.89111823  -16.19202879
   -484.52317419 -891.94899221  196.10968152  468.87815453  496.30050289
    624.4458627   416.25404435  171.63882568  -30.2837898   448.33627336
    190.74046345  175.92648122]]]