[[[  -4.97739747 -130.70184234 -206.97169696 -214.52234316  112.01394646
    192.72521002  234.66509931   -7.1485452    -8.88449215    1.83828169
     -7.46569937  177.98362096  228.00929433  299.8686774  -163.7724318
   -245.49808137 -267.44926133]
  [  55.13350678   48.31670518  -52.97080458   83.57734196   61.95029609
    -50.56985452   69.43568407   58.64158287   -2.85393101  -97.49703733
    -65.88955278   22.16424322   47.99717485  -74.60959524    4.39450068
      7.45777383 -115.00101765]
  [ -41.8117635    -6.95193845 -492.36544887 -850.07339055   -5.61074909
   -460.97038105 -848.47370409  202.3535749   471.48221081  512.0412872
    652.24294792  448.40194911  182.01958647    8.03828083  447.93411995
    181.42167764    9.14676147]]]