[[[  -5.44966589 -127.72204448 -356.01203937 -271.47830324  114.1597339
     -4.4418829    -8.56495543   39.07213987   49.9219982    14.82553007
     44.65381887  241.32063402  395.54570349  259.60866566 -139.90678545
   -279.77359679 -188.78924963]
  [  54.44780533  139.02495952 -102.26324734  -72.50659896  -30.12937375
   -233.75989383 -163.68397353  101.10431679   79.92560855  -13.58982261
     27.93078962   15.78288032  -84.63801048 -161.53630157  169.12574325
    226.70252428  101.32049589]
  [-113.58787963 -125.13706823 -386.07842352 -874.6769872  -131.1368912
   -528.32580071 -969.13620873  146.35107435  369.69510926  498.00151336
    584.0717434   341.21990311  155.08279827  104.05640651  351.12164613
    257.93244355  111.5019026 ]]]