[[[ -34.1190156  -151.25530365 -144.25103691 -277.6438294    76.53063648
    185.04744119  253.39346354  -36.14721457    7.92107946   47.72366197
     20.91961699  151.54496637  183.57070576  142.23269918 -141.5142975
   -209.28251373  -97.21362777]
  [  56.35630154  -15.27471446  -86.37470775   43.94598583  127.9872892
      3.31592281   77.52565144   50.15432923  -10.33845374  -91.16799756
    -63.7386659    81.64992027  170.72394426   61.78552294  -76.39898969
   -143.04795485 -193.05739106]
  [ -38.91355546  -10.24234236 -471.38160538 -854.2779813    -8.48348291
   -460.28357346 -823.57819045  202.9842606   469.24977774  509.10740608
    650.29023602  446.788886    207.87027324  -37.42271882  444.71706489
    177.78357303    4.97866761]]]