[[[ -29.23403768 -123.1546988  -147.41011188 -284.0128634   104.14658755
    175.8097184   198.74244083  -39.59146626   -1.13004187   51.23013307
     11.98317413  141.67165728  169.32280572  132.76034049 -148.59884991
   -173.41267278  -56.71748575]
  [  46.01895051  -34.29180941 -116.84099028   21.1338927   126.3296866
     -1.45174411   56.30133602   54.81281776    4.44525524  -73.31087968
    -39.02955034  105.15218202  191.81784467   74.38998788  -77.176007
   -149.87613088 -193.48197256]
  [ -66.27755743  -59.24006072 -416.22402121 -829.36983701  -58.60755103
   -439.25059583 -841.0101606   196.36235818  493.13307829  545.30422746
    708.0478329   468.38434726  193.10687225  -55.92892434  466.29206253
    158.94912211  -53.14060703]]]