[[[-1.17741330e+01 -1.27467741e+02 -2.12013209e+02 -3.01976232e+02
    1.12578779e+02  1.23083854e+02  2.41841055e+02 -6.65224699e+00
    7.49751259e-01  2.66012152e+01  4.10630311e+01  1.87870690e+02
    2.32476611e+02  1.69680184e+02 -1.54622420e+02 -1.94916556e+02
   -1.18347797e+02]
  [ 6.98906726e+01  5.69323636e+01 -1.33357577e+01  1.22830132e+02
    8.28489859e+01  1.06281841e+01  1.31205772e+02  5.88560713e+01
   -3.44630572e+00 -9.07875473e+01 -5.52730608e+01  2.72418850e+01
    6.25724643e+00 -1.22678799e+02 -1.30878898e+01 -8.12151161e+01
   -1.86354563e+02]
  [-3.86869145e+01 -5.59675405e+00 -4.82434898e+02 -9.16255211e+02
   -5.35940256e+00 -4.81776862e+02 -9.20368930e+02  1.91669941e+02
    4.43053214e+02  4.80595974e+02  5.93628622e+02  4.19868731e+02
    1.91089910e+02  1.49034784e+02  4.22191186e+02  1.93755662e+02
    1.50707595e+02]]]