[[[  31.8278043   -88.91139971 -236.52586631 -226.470553    151.86166905
     38.19920197   32.75657072   65.9793933    74.57164802   17.72821524
     34.99496995  232.92391422  423.4522728   253.04442673  -78.9076453
   -280.06060163 -330.92860756]
  [  49.0844138   128.20486676  -83.15706523  -60.86529601  -30.03602368
   -225.60792921 -166.05573193   92.66493886   79.741595     -9.37690462
     32.49382537   13.30131955 -108.13107551 -214.42749096  166.82917413
    226.03480883   81.71361325]
  [-103.0125689   -45.67248544 -361.63114022 -821.65442474  -76.98521207
   -467.90594228 -901.24016075  148.28438261  412.41621321  491.09152781
    625.02334666  389.57987777  239.1869774   162.76552851  389.03333883
    166.64608518   80.09943264]]]