[[[  48.70845197  -78.43524817 -288.0621971  -196.80978111  162.4911787
    152.14637813  369.23292658   59.77647532   32.6977085   -37.05285391
    -18.71205007  155.85736374  264.99731887   49.3154305   -81.97140996
   -166.44590104 -356.3017176 ]
  [  43.83221509  134.49307429   -7.12554225   70.02354706  -46.82873182
   -139.8106342    53.89522368   53.50503188   23.77235227  -51.73340814
    -24.92881245  -65.1727431  -224.18523675 -317.3757503   134.0555479
    242.66781658   98.9021173 ]
  [ -88.83142504  -64.7908841  -438.74097088 -816.99773046  -63.96087459
   -515.61895181 -815.72008298  160.26695867  425.79636761  484.72772352
    623.77947279  405.09931299  201.11275586  242.01168456  401.88657785
    150.09656748   47.94351761]]]