[[[  15.50962055 -116.58655734 -208.65249467 -239.68601153  131.12101404
    208.73781564  343.52459645   15.70790943   -2.92028564  -24.18153233
     -6.38036724  156.8651703   245.09750927  260.43795417 -191.29420155
   -269.08987152 -311.17427039]
  [  63.10222544   89.79518625  -39.24772218   58.7237205    36.40919846
    -80.98129088   75.75467001   68.33126292   17.47940812  -77.40264909
    -38.92111063   -2.72807171  -99.77365413 -230.83140092   64.4149372
    116.57834633  -21.57750011]
  [ -67.2182778   -41.92215795 -464.32471455 -895.49445484  -40.02763692
   -463.97978367 -849.21092364  181.75411985  445.33221212  503.23060374
    657.15519416  425.41689559  206.21018269  278.51855874  419.48960969
    146.07154071  -65.49587343]]]