[[[ -21.05934215 -127.96019325 -168.39905162 -315.18648598  110.59520644
    175.37151363  208.89511109  -25.66083886    1.30159007   50.29639925
     49.02730094  152.43614326  190.97810778  186.71187485 -155.94630014
   -193.4119227  -114.41289437]
  [  40.3990923   -23.50569401  -64.86464011   77.97693832  104.30389463
     16.92506436  106.17790834   43.51561634    1.0756626   -77.89603864
    -45.19423486   83.74234444  146.43410388   23.63802616  -59.56282733
   -153.12844989 -219.18278471]
  [ -49.17668138  -22.712768   -520.18325127 -930.5142999   -21.79229343
   -477.33526073 -892.78748274  193.51078753  480.19779846  504.47867223
    609.8839224   426.63759741  182.76144839   88.28382478  458.79375379
    224.43251426  139.89811291]]]