[[[ 1.72146583e+01 -9.60262932e+01 -2.33747905e+02 -3.06602503e+02
    1.62389599e+02  1.53879065e+02  1.98609865e+02  3.02435479e+01
   -2.67873064e-01 -3.59541201e+00 -5.44294605e+00  2.01618970e+02
    4.09489660e+02  3.19426563e+02 -1.63869118e+02 -3.05576215e+02
   -3.33880871e+02]
  [ 5.33234379e+01  9.32764795e+01 -9.31723493e+01 -2.01467930e+01
    1.33703831e+01 -1.33412252e+02 -1.31071910e+01  8.32839826e+01
    5.62889786e+01 -4.19208816e+01  9.62048151e-01  3.10732028e+01
   -5.78419945e+01 -1.92765112e+02  1.10141748e+02  1.24358953e+02
   -1.91639818e+01]
  [-1.07457396e+02 -8.04747865e+01 -4.75416253e+02 -9.20469070e+02
   -8.35045333e+01 -5.42185683e+02 -9.22561460e+02  1.57817218e+02
    4.27680175e+02  5.08505780e+02  6.48421762e+02  4.06500784e+02
    2.58149838e+02  2.60479478e+02  4.32812619e+02  2.07755046e+02
    1.63649102e+02]]]