[[[  -5.4048942  -136.1090519  -218.91611224 -269.65876351  111.88698253
    193.52399494  236.12896082   -0.94275599   25.15152154   19.9108722
     30.85892201  182.97461303  241.15055253  353.18479381 -167.08930259
   -257.37933993 -325.70777105]
  [  47.73734683   39.71002301  -65.91453945   57.05014028   55.76466005
    -50.80483919   61.1919014    61.42051347   14.18172963  -79.4619502
    -42.84882046   38.4024633    18.6662148  -115.92835944   20.33063782
     34.52050198  -94.01762383]
  [ -61.20153084  -32.00846228 -495.20126092 -897.95837862  -31.97913029
   -464.56906872 -895.14845446  188.10530362  458.35363838  508.94404033
    642.97369832  435.31598174  209.57731976  199.2574731   436.17111398
    198.49193367  -12.62848724]]]