[[[  -6.66174097  -97.43099916 -212.14558145 -307.00881751  131.98704726
    138.47125901  173.93230651  -13.64415282   33.39799649   35.76201314
      3.30435103  175.4023957   250.85759366  334.18868054 -119.52558908
   -317.19623352 -188.23440949]
  [  -9.33933354  -32.72766773  -29.63276694  107.16363019   14.04888043
      9.22128844  116.79278748   23.78876297   47.23878473  -35.79364676
      4.90154549   87.52518502  148.43286194   29.97145668   15.07696975
   -205.03707626 -288.79429035]
  [ -86.07240647  -50.61189017 -538.10372199 -916.40529639  -82.68759892
   -542.97323895 -925.25459606  147.99953073  385.88486483  459.15524092
    560.01818259  327.84600338  103.26980299 -144.02830918  413.8954387
    536.28325954  668.52107405]]]