[[[  12.93225119  -76.04853008  131.80921839   -1.19272291  119.03192643
   -121.05058162 -216.84240915   -8.55121207  -19.24233094   37.7573098
    -49.56910708  148.11651121  349.61656632  293.92553117 -157.97090171
   -225.76113912 -176.01475383]
  [   9.30857355  -94.34878971 -144.53346366 -107.57749595  112.96593316
    132.77999618  241.71070647   23.78311138   14.39888868  -40.22748046
     -1.64068267  118.40305028  176.80877238   84.78540593  -75.68849127
   -188.56867635 -248.44654724]
  [ -72.91333622  -92.53517252 -545.82004642 -951.13107011 -115.30734729
   -551.12954621 -963.30029019  172.40455654  417.58075637  522.84459153
    568.27933276  371.10341787  256.6200495   151.79121316  393.87247921
    182.45475494   55.3297158 ]]]