[[[ -17.38586478  -83.95047345   72.52177053  130.16883567   95.24324725
   -182.33450536  -30.34475064   -4.83586432   17.16983883  -56.94048582
    -25.3390303   118.39646523  245.46002388  348.10906568 -111.20911263
   -362.93277944 -261.30334585]
  [  15.96291671  130.14995368  131.14212065  224.26715357  -98.2238971
   -140.47945246 -110.8281374    15.80300056  -27.06743927  -58.84888849
    -39.63583641 -112.80657454 -145.63543534 -194.06315213   96.55434845
    196.22906692  154.68934299]
  [ -85.45339123 -118.97550802 -582.76419283 -927.90690979 -127.5343171
   -586.69684954 -936.1675909   152.86431525  346.4793139   471.23187286
    524.03320952  317.99928848   95.57082482 -197.63127146  373.03288832
    461.97905468  578.3065451 ]]]