[[[  -1.82935263 -135.1220745  -214.82671347 -255.72801066  145.43452276
    238.963479    323.4737656    -9.49163068  -18.13076811   -5.68255368
    -15.69113776  139.64394732  232.90088193  344.80058014 -174.93831137
   -288.07618867 -322.70397221]
  [  64.32445117   48.39333007  -82.68114141   34.61872775   80.25556783
    -75.22983563   35.15310368   72.93710402   13.74195913  -82.34121189
    -49.82616464   44.82155754   44.88538627  -95.06125599   15.93730135
     36.81247575 -107.27518487]
  [ -51.2599774   -18.47229709 -467.33444025 -858.63138079  -14.68328099
   -430.45702469 -816.10252706  190.41595957  461.54897061  498.25535319
    643.21429738  414.20763626  184.78862489  167.20886119  435.4208676
    131.9913813   -82.66491792]]]