[[[ 4.68996863e+01 -8.85476663e+01 -2.62913213e+02 -2.02621710e+02
    1.68065439e+02  1.56215766e+02  3.72124921e+02  6.09012539e+01
    3.23826835e+01 -2.46740989e+01  2.27185235e+01  2.01222570e+02
    2.33002328e+02  9.84331257e+01 -1.30142874e+02 -2.25591104e+02
   -3.74348789e+02]
  [ 4.78839749e+01  1.32837672e+02 -1.82165444e+01  6.06665096e+01
   -3.70698062e+01 -1.46476799e+02  4.07857494e+01  6.40880714e+01
    4.25069380e+01 -4.14619659e+01 -6.34525425e-01 -4.67074085e+01
   -2.43960678e+02 -3.36867542e+02  1.45411439e+02  2.28634042e+02
    8.46890864e+01]
  [-1.15594780e+02 -1.03777058e+02 -4.48039950e+02 -8.42773957e+02
   -1.02357314e+02 -5.29689213e+02 -8.77759336e+02  1.55348678e+02
    4.46660039e+02  5.20595656e+02  6.87456244e+02  4.26141382e+02
    2.57047966e+02  3.08572985e+02  3.88228571e+02  1.59746385e+02
    1.07983311e+01]]]