[[[   -3.88533398  -125.77157663  -125.75391019  -113.01448501
      99.53581369    77.61254878    29.63610228    18.62951341
      14.00085759    11.52509288    15.00640162   188.88970134
     332.05615168   263.25325421  -118.8507354   -291.98066618
    -244.61945779]
  [   -2.16756359    27.58368571   -57.50668235    52.08173252
     -31.91879674  -108.09250836   -30.77073977    59.89658551
      80.54023221    -4.03878423    55.45850363    60.05423664
     -74.54259642  -184.86355428   113.79991798    87.97039106
     -46.74884755]
  [ -122.61982825  -113.20500557  -512.61334948  -921.22501672
     -83.1414497   -600.50204508 -1044.69732113   138.23149698
     438.30642577   511.09347775   614.22546246   419.46173154
     314.41183593   476.527858     414.11379193   172.96799118
     218.81805301]]]