[[[ -18.23547739 -148.47450691 -142.40464042 -262.43550789  131.01011357
    195.24435843  266.56408033  -25.23400073   14.23886062   26.90632146
     21.47109629  168.90347741  209.85963498  197.94400785 -172.97088356
   -292.15852128 -186.79156941]
  [  54.4506045    11.28037148 -126.92863845   -8.86830126   97.6208035
    -71.32623263    4.9374691    75.11239409   33.01076921  -61.54998291
    -18.86179201   92.06389537  141.2535471    11.0289918    -3.25399937
    -65.63735348 -166.88847658]
  [ -72.27185721  -49.94060459 -437.88942455 -863.03236606  -50.2211225
   -466.15079391 -872.01713249  185.95189803  474.28031719  528.90618969
    689.24293401  419.50256465  170.42068382  -37.73880163  451.83101254
    220.75457266   98.96356068]]]