[[[ -17.54334089  -87.5863131  -121.00120367 -395.39301354   59.0487094
    271.17669091  165.3548079    17.47797073  116.05658976  199.40303804
    218.13222006  183.63539928  152.42648063  259.63369993   34.94153194
    -95.57570566 -165.15431437]
  [  59.64047467  -40.74083991  -98.72903586   97.66124323  160.02173888
     63.69174156  104.98887905   35.59613895  -12.25334162  -69.15750941
    -53.51798203  108.96781965  258.13359261  228.56652354 -108.4103332
   -189.19902536 -275.11781479]
  [ -31.17196369  -12.62437394 -416.26805223 -631.27220854  -15.23453853
   -310.75210653 -709.12180668  200.07875881  495.38844144  470.88956013
    651.05699047  347.52297378   22.57356727 -271.04343503  444.35134394
    228.84228903  -14.11086521]]]