[[[ -20.99520512 -146.89101681 -186.56370163 -314.39817513  119.74298974
    177.24843139  250.82107344  -29.43537143   19.66086761   36.29037279
     24.81928536  163.43062791  238.60376311  320.88442002 -136.12025565
   -332.28079036 -198.95751902]
  [   8.38318292  -29.50800461  -80.55069565   44.87123003   46.27422775
    -30.42770287   49.86913405   44.44277064   66.87803849  -21.26818885
     23.87662222  121.16203266  188.21217587   62.06334164   19.45396782
   -216.5303324  -300.19711344]
  [-103.94558523  -86.01357657 -504.37371607 -915.1300115   -91.64211342
   -537.3886729  -929.15147309  142.45953473  386.97122763  470.79131066
    591.13299536  327.14584433   96.82742476 -147.70165834  414.39887424
    532.27110987  662.9261927 ]]]