[[[  24.28694804  -94.91376412 -293.94365689 -331.79872997  147.99377333
     31.97428871   25.34249727   70.73573671   82.64065754   36.11200097
     41.74599212  275.63268272  435.53504808  295.92924743  -74.33589469
   -291.20117286 -250.60096871]
  [  48.58324167  134.77104329 -109.60399742 -107.72620475  -37.60449645
   -240.98131405 -191.79313861  101.58576007   95.35767307    7.63985251
     52.16481974   23.97351674 -105.70919632 -197.49873978  187.12396213
    225.84506949   82.55820082]
  [-128.45828229  -75.04403816 -359.10028755 -831.52627155 -110.39047683
   -505.85972986 -947.1882856   127.06565783  391.30883982  478.79000266
    607.0366865   366.23591296  218.68152066  187.49209404  372.06662719
    229.95277534  269.11997491]]]