[[[  44.39866107  -80.20147165 -242.03012152 -230.81537949  176.87976435
    164.77349609  318.26346466   48.10507658   -2.97082942  -38.46774985
    -13.76279339  166.5161023   293.20311462  223.82363781 -163.82546135
   -212.18296617 -397.67055686]
  [  66.41234963  136.0880228   -41.78558515   27.1260739    -3.26339856
   -141.3534517    29.78511557   70.24373165   21.1371775   -70.47167531
    -35.28643496  -41.34235279 -158.98799213 -293.76267909  113.83694861
    219.98986874   88.73090073]
  [ -90.79107169  -73.63117548 -405.43199187 -822.02306959  -73.37258969
   -479.45999913 -819.82887821  170.62206445  452.5290913   509.83712442
    683.68686378  401.17526302  190.3223194   218.96779325  426.57437552
    131.25333547  -62.00373665]]]