[[[  49.41161564  -78.31518598 -213.95839519 -206.85882347  159.09066021
    191.31243951  372.49688328   46.0792371    23.49357771  -40.40830076
    -21.96160184  178.25228345  261.28557492  186.62557219 -157.14731163
   -229.64995184 -278.04014923]
  [  59.77548493  121.95775356  -19.87651028   50.25679197   -2.40683751
   -113.70643466   58.07511521   58.01202763    2.53788268  -83.72317766
    -54.98606591  -56.385996   -140.27081132 -229.52311929   86.69517958
    167.76659303   44.60124667]
  [ -52.37872565  -24.07733728 -438.07815849 -862.76192817  -22.04653973
   -437.46788444 -783.51390122  194.27081393  456.43022422  505.29081776
    665.69111624  435.62654628  239.78466944    7.04098728  403.16072232
    162.74551504  -52.05143374]]]