[[[-9.87438149e+00 -1.24864359e+02 -1.49057805e+02 -1.56544167e+02
    1.30802038e+02  2.45189073e+02  3.33093159e+02 -4.05567805e+01
   -4.23635951e+01 -5.54755789e+00 -9.16095679e-01  1.19855809e+02
    2.05160568e+02  2.48347171e+02 -2.09249850e+02 -3.32599133e+02
   -2.66852814e+02]
  [ 2.98875200e+01 -2.57753195e+01 -1.41686888e+02 -4.80690013e+01
    8.55503050e+01 -8.30113204e+01 -4.07095920e+01  7.06563809e+01
    5.33871812e+01 -4.01654522e+01  9.05080971e-02  1.24230726e+02
    2.09325293e+02  9.19643723e+01  5.95732149e+00 -9.56187047e+01
   -2.07871277e+02]
  [-8.32711168e+01 -5.53528370e+01 -4.98138655e+02 -9.11571746e+02
   -5.10048229e+01 -4.49113105e+02 -8.78660353e+02  1.71431448e+02
    4.71571338e+02  5.14073350e+02  6.31950988e+02  4.12195591e+02
    1.98925516e+02 -3.01533246e+01  4.48522888e+02  2.21535665e+02
    2.53122786e+02]]]