[[[  -5.19962181 -144.0008883  -105.33262335  -91.0353303   107.13695419
     94.80157505  123.69569503    7.20135221   25.60812273    1.28490961
     25.04205894  155.66352059  280.93455456  279.37251549 -135.59329062
   -219.89764589 -272.69952312]
  [  -3.0283358    29.9524613    -6.81853235  102.99404228  -36.00919148
    -87.93040924   33.17323469   26.61467084   -3.99913102  -84.55823797
    -45.33341826  -19.58020304   -3.92283983 -113.23033388   45.36724305
    122.70867205   27.81873507]
  [ -38.73045136  -69.25213038 -517.08027498 -948.18536308  -68.77978486
   -476.10349385 -917.02483971  210.6515899   463.02943122  552.65975191
    635.62271544  403.05647248  134.34855149  -77.90130597  441.1957066
    182.22500536  -26.70731406]]]