[[[  34.7015147   -72.56612886 -265.64020102 -301.67306738  127.07889137
    140.61884356  201.10631892   59.40933202   45.49482507  -23.534834
     -2.46020841  197.10252835  228.60180572  110.52730031 -101.96026117
   -171.55156613 -134.67908036]
  [  46.39404154  132.7065933   -41.05131613   -8.81462145  -39.91851794
   -155.16570074  -26.26708343   68.73237958   27.13936303  -53.88239137
    -21.61185476  -58.72818692 -142.95054095 -188.38797703  131.0334361
    215.26077309   95.22709652]
  [ -75.04270131  -40.56891037 -451.33589228 -819.99023982  -71.2742276
   -460.23752501 -813.0378416   188.2633071   491.9943155   538.55009536
    683.19176294  464.89129227  185.75945646  -61.42158425  468.14292362
    193.18229894  -24.89218216]]]