[[[ -22.2483721  -124.15923535 -172.77907317 -442.85193874   79.08445136
    191.49299892  123.61844382   14.63460112   82.91111225  167.91325675
    184.24758037  234.00263981  259.41173227  346.56280263   -7.66204049
   -188.21189663 -219.10477464]
  [  71.6546751   -14.74540929  -62.93372909  155.73606121  158.05471982
     88.95118992  183.46568029   28.25543705  -52.23900096 -123.91301254
   -111.71793419   63.36187351  217.12709195  152.95074273 -125.63625015
   -189.50370543 -293.18931536]
  [ -38.92666462  -39.0528233  -478.04592776 -741.80903831  -39.82176459
   -405.31643043 -823.38917396  205.6897479   447.90332294  485.08702682
    639.64895188  423.41271874  151.89266397 -104.74198408  431.07753553
    213.33773872    5.61002031]]]