[[[ -27.67064331 -167.54180985 -212.30497927 -309.55039131   83.91383717
    183.78330081  264.24719132  -21.86129573    5.46682002   36.13255688
     51.52157584  165.17466919  255.19721114  243.7428284  -158.30999714
   -241.06196395 -164.27829237]
  [  68.01141491   31.99401975  -51.39503333  106.91102848  104.02882513
    -10.04052444  111.1857356    65.42402407    9.24049835  -80.08328352
    -44.08515287   64.31943422   58.79414151  -90.67414157  -20.90545929
   -105.2101096  -219.1807147 ]
  [ -64.13662354  -34.68207383 -526.5023671  -897.48763218  -35.13192731
   -524.49341222 -902.61938704  181.62983414  439.89589163  494.57472906
    630.44551418  416.27960446  178.3145432   213.31084757  448.8504091
    181.23427369  172.55907286]]]