[[[ -33.13745222 -165.47409129 -203.53401321 -299.44595197   79.75609293
    180.71018608  254.51312066  -27.51370995    4.23232551   43.22754374
     51.50578272  159.07843429  246.82716443  238.09109791 -155.15423996
   -233.87500795 -157.23090013]
  [  69.97933744   22.45146171  -69.76407382   72.53143482  117.50724773
    -10.77695215   88.25558964   68.61577572    9.65074398  -78.16198596
    -42.85444215   76.97515543   85.8370726   -59.60655438  -32.54172918
   -109.63091422 -211.1558786 ]
  [ -64.64488696  -25.52455145 -499.16593742 -904.29230925  -54.63214991
   -496.89475691 -909.88637968  185.02024425  470.7810613   501.51935885
    628.75628061  418.36974715  185.58202845  217.09192919  448.94524596
    182.06057375   94.92893737]]]