[[[ 1.90406678e+01 -1.12466868e+02 -2.20340445e+02 -2.59153837e+02
    1.53086567e+02  1.49407963e+02  2.92414476e+02  2.67669694e+01
    1.33241864e+01 -2.27630737e+01 -2.94523483e+01  1.87614921e+02
    3.29512160e+02  3.15631511e+02 -1.91902720e+02 -2.47441060e+02
   -3.80234505e+02]
  [ 5.01833435e+01  9.34305113e+01 -7.20785010e+01  3.43001047e+00
    6.93612578e+00 -1.24686059e+02  2.25929715e+01  6.83558274e+01
    3.19610643e+01 -6.25812718e+01 -2.17821829e+01  8.36968484e-01
   -7.96437322e+01 -2.22917326e+02  9.45029877e+01  1.70608003e+02
    3.72951585e+01]
  [-8.28374234e+01 -5.53731648e+01 -4.35922411e+02 -8.58538102e+02
   -5.56546338e+01 -5.09580585e+02 -8.58346978e+02  1.73337103e+02
    4.42063108e+02  5.12448099e+02  6.75069773e+02  4.22008026e+02
    2.17280126e+02  2.47521369e+02  4.16245654e+02  1.54571357e+02
   -3.77936498e+01]]]