[[[   6.32617155  -82.16389561 -395.53236358 -307.77198274   99.42827033
    -72.89709873  -67.54504338   68.12968209   83.42584603    5.46319201
     39.0079725   196.59839803  368.8151521   195.37158157  -55.30065531
   -170.98233539 -138.22582844]
  [  40.70356892  162.31100354  -38.25697163  -28.03119681  -80.90388814
   -240.05797999 -156.45824528   80.19539827   64.90266059  -10.16359591
     22.72552395  -42.96446685 -177.61721565 -220.07048708  194.81691638
    316.25787213  190.03266652]
  [-114.95372448 -113.80270745 -397.70656056 -862.60829086 -145.7237239
   -533.83522082 -932.70373906  146.17964642  375.66346329  504.11065935
    587.16212721  348.61234573  162.8408212   114.7574669   386.78210677
    197.69035299   78.60511459]]]