[[[ -34.29104201 -146.54442355 -186.54220373 -353.94948027  115.53240213
    136.59559139  204.19201201  -35.49840327   21.9989537    49.55473996
     33.44767971  163.45225004  197.65888211  283.24751482 -132.0482994
   -337.04087884 -287.21490996]
  [  -4.4322105   -48.12678975  -92.49175655   22.67126463   39.26234331
    -23.91214978   46.59456116   27.31058749   32.81846103  -48.80014874
    -10.33910233   95.78468245  180.35237279   84.57580706  -15.29234401
   -134.86507147 -207.55070882]
  [ -77.7008941   -38.63472133 -455.05233578 -864.17984302  -71.30033623
   -488.84339113 -876.49076216  171.09701656  435.96026184  498.41945688
    641.08827981  375.65290231  114.93263874 -109.8518447   460.917029
    549.13045083  241.19718382]]]