[[[  -9.1553347  -119.99998306 -101.30212734 -109.00459288  137.31055869
     96.7576371    28.38758696  -22.86635059  -27.378412     13.53880823
    -26.24656688  138.14090296  258.15046697  267.33917988 -152.66770829
   -231.02736339 -158.4595787 ]
  [  22.61223715  -23.24873966 -111.28840143   -5.8575258    68.47313105
     -1.70168201  107.19260551   52.56984999   36.10128108  -50.02531432
     -2.3192737    93.9856388   146.62542968   21.11694068   -6.2004468
   -129.04510354 -222.90584792]
  [ -72.48577422  -20.80193439 -486.72842045 -885.17694001  -60.54093714
   -489.88145744 -886.28635027  177.46632406  480.26806925  523.40426939
    646.20904392  415.72584106  148.57387472  -91.61730151  459.47174866
    222.2258061   302.13353821]]]