[[[  37.61115899  -71.79445081 -308.8550209  -509.50447401  148.48946327
     25.39372955   26.27042067   72.79556656   43.20664741   10.95945639
     34.08958168  186.66854228  341.69448592  180.78711864  -96.44604356
   -227.46942867 -200.39333926]
  [ 146.34909146  224.16096447 -178.67733468 -250.39785495   68.53723217
   -365.20193724 -362.12474564  162.4885406   126.25315082   28.60273041
     69.34165394   58.77458997  -61.18282744 -123.19997026  206.03792273
    237.1976247    86.23016847]
  [ -96.05176655  -58.78834165 -178.38486114 -496.88152471  -69.24864813
   -454.54678148 -797.78897224  120.14073993  365.02828231  409.02889054
    550.91371949  343.43779197  195.98180718  103.38141233  314.90576154
     73.14576893  -42.18822886]]]