[[[  28.10960233  -81.83379719 -199.00808386 -307.0850911   117.60678571
    134.42150933  191.84184964   53.00095066   35.98255139  -27.80420599
    -11.18042822  187.93047844  218.189142    101.01869582 -111.90792931
   -178.07826722  -97.89741545]
  [  42.32384295  124.54167572  -29.94729046  -12.76857378  -39.89401112
   -139.74420093  -24.91224503   63.98914751   24.9084945   -55.24102672
    -20.56311307  -58.86272939 -139.49569816 -175.34646524  124.9736101
    207.92559535   92.79201837]
  [ -73.95835852  -59.46639859 -446.32296847 -857.74628543  -63.13418083
   -451.904038   -807.92615692  190.16887785  503.37555904  544.39786258
    695.32457685  448.41971036  199.20334479  -48.67059077  479.20375934
    203.94793026  -53.36637221]]]