[[[   1.71667622 -111.90615582 -256.49601373 -302.42585975  104.72324368
    135.87114287  235.57240725   24.54692116   18.60977426  -10.13600811
     14.33615133  149.47071127  359.64681168  349.36695989 -141.62091047
   -230.91141278 -324.23684968]
  [  12.84289825   64.48194001  -59.14431444   15.60507836  -38.79622181
   -115.02763694   12.5884319    51.20507393   42.9157113   -45.88712263
     -6.57690854    5.2822258   -86.77392789 -221.20929082  108.01271243
    186.74517062   70.77555142]
  [ -79.23679476  -45.59937192 -496.56360483 -911.9063595   -47.25293296
   -534.38971847 -908.99849357  170.75699902  436.845201    506.86634575
    631.55175962  453.52807547  270.97000614  308.89570037  412.51346891
    167.27527403   28.46960354]]]