[[[ -10.3260379  -113.72492902 -152.12667614 -316.24116226  117.81580905
    171.4325254   244.08939737  -24.36616322   14.12989084   31.29307902
     17.2293676   156.97378166  230.31785692  313.38289849 -140.12379243
   -336.5529554  -206.60201207]
  [  -5.02397412  -43.65746032  -81.2369564    44.07730573   33.60935261
    -31.09622164   50.30126914   37.99167877   69.10630822  -16.4780943
     30.72513393  121.32608546  190.15308369   66.2507248    23.06811043
   -201.43196617 -288.40442101]
  [-103.73199983  -87.94241714 -508.24999867 -916.48320179  -93.22048687
   -540.10054824 -930.25134729  141.7845527   385.43523476  476.23274431
    589.82402692  352.76350056   96.36764763 -149.49649918  412.11568223
    529.01791595  658.53998242]]]