[[[ -18.91637064 -147.89230774 -185.48691975 -282.17718747   95.21969886
    199.63968812  273.22098675  -12.50362794   26.00240159   65.77912741
     72.09356928  178.29930213  256.85154398  286.98444092 -133.13468816
   -212.71824936 -139.91783835]
  [  72.34465664   18.80335152  -57.41109143   82.6036497   125.88593244
      9.60284882  106.43799476   60.6088172    -2.8528905   -91.36096067
    -63.09176925   73.893025    149.47989803   24.99032563  -50.61657022
   -148.62014721 -242.62706128]
  [ -45.11242338  -13.77016253 -491.21778349 -889.17066922  -13.69289383
   -483.49236843 -856.32902409  196.5630187   445.38588531  494.93052372
    630.25562741  421.39998358  176.58223371  -24.90224851  453.43833499
    195.53406146  181.359571  ]]]