[[[   9.09505744 -108.15855238 -114.11656625  -96.23886958   88.80130962
    169.56490833  321.58951729    1.37285541  -43.05086012  -73.62125793
    -55.00100258  111.13777031  196.58744072  223.77961871 -155.05992909
   -218.46716532 -321.36761965]
  [  22.08900594   77.20689211   59.08996041  186.76622498  -33.02889285
    -41.6455479   106.26954444   16.30019118  -34.32343551 -107.3079337
    -82.16324056  -80.37124005 -109.60305653 -212.52154504   43.94894611
    146.08640252   56.58546009]
  [ -20.88722056    8.83789512 -508.19770889 -837.83478501   11.2045915
   -445.15426454 -826.94292268  210.615515    465.09663875  504.97146698
    650.26964603  444.91159484  203.50622167  -20.93818588  441.57669682
    166.54871836  -25.31541509]]]