[[[  -9.61657454 -122.37162847 -103.43855908  -67.86409205  124.00178804
     89.42415236   66.27450365  -46.16391196  -47.20946783    5.8981361
    -42.58555385   74.02738723  195.33666123  308.41804557 -166.60885209
   -189.63470588 -117.76967881]
  [   4.85651536  -77.61669738 -130.34212306  -64.39021164   87.32962185
     35.6009845   105.995422     42.89142597   54.87229559  -24.90826324
     20.82649995  146.22305632  226.88804322  125.57955062  -33.52730862
   -232.73621148 -303.7970303 ]
  [ -97.7097365   -78.79207355 -517.67736643 -954.79810746  -79.47932524
   -518.55873284 -918.2520422   165.86237876  470.0174217   535.24818187
    646.22565865  442.51219281  182.12553343 -100.70915626  451.82203461
    340.50542528  398.43076334]]]