[[[   15.3902804   -116.83159226  -118.76757251   -60.88259529
     133.14975248   112.28472275    77.19911549    30.08353077
       2.31956741   -21.08626635    -1.94142855   168.43372376
     339.71088452   189.49429818  -155.41702561  -244.85886762
    -323.89298275]
  [    6.89625354    54.22842083   -21.89867481    62.61062256
     -40.43600521  -129.88878036   -38.65797238    55.50791936
      70.54480639   -16.24622018    33.31124024    23.62644079
    -151.63638761  -242.90806824   129.70371356   168.22078869
      31.85590312]
  [ -107.71036119   -95.61977552  -551.3052848  -1004.7998543
     -61.91194293  -503.31250946  -922.78805833   150.55709726
     425.84408449   505.20762167   620.84096709   448.54009995
     384.51931655   497.71874326   366.2876318    154.87850022
      26.18480444]]]