[[[ -39.52537647 -161.69751422 -197.07979463 -297.92515366   71.96459664
    178.04211051  250.75307091  -37.23392054    3.06521537   54.00302216
     52.76671113  149.38581747  198.20153307  281.88963541 -150.27234723
   -226.63763574 -152.45624503]
  [  57.46228794  -12.28844521  -73.90932529   63.9467639   127.21307079
     14.30911172   90.96428389   53.00018437   -3.80142475  -81.67845841
    -53.89534702   89.46394082  154.66411934   25.64397238  -67.76884111
   -149.07956066 -239.6803501 ]
  [ -54.81427421  -26.60372393 -498.49995    -895.35591146  -25.23796787
   -492.98810447 -902.79739166  189.05836432  460.37146119  494.65324212
    615.45647914  438.27793797  179.46609335  204.25831681  438.16980516
    173.48248854   85.37406242]]]