[[[  -6.91016467 -119.52802487 -117.57046265 -368.50983564   88.44760928
    240.52985142  177.92079307   13.78955404   79.26004689  144.72537028
    171.1321244   231.12818386  287.58330941  326.20944688  -51.28371585
   -223.93371405 -107.59285618]
  [  67.05319188   -6.70028824  -83.07084698  125.35021416  140.80655564
     43.82797593  142.29345778   53.8663304    17.08657969  -66.0002148
    -36.62839079  110.99756408  198.76134936   65.20269549  -52.06430575
   -218.25105684 -300.37173344]
  [ -80.20418553  -51.09160133 -546.76697422 -815.3120637   -86.7426418
   -482.6258981  -893.5679171   171.23967389  432.24402562  478.0335097
    596.18490814  401.25166493   82.41978357  -56.2492888   453.45507019
    352.64905258  406.8951227 ]]]