[[[   21.28017048   -79.6179602   -260.0984709   -420.89982427
     157.26874138    39.49524355    -4.63485681    80.64184352
      62.37793279    24.76499543    52.40947021   185.8876462
     326.00941687   216.19174374   -54.57584711  -131.75348455
     -88.05975097]
  [   28.22344531   129.80130971   -56.94625391   -52.02111877
     -73.35435803  -181.44894026  -135.68474715    67.11310092
      59.63417981   -25.04518137    19.02798187   -35.76044656
    -185.23989366  -226.62369854   173.98773261   282.80968155
     170.24556197]
  [ -127.07168924   -90.65047998  -434.64859966  -794.00523166
    -128.39449781  -602.32948477 -1023.79451373   146.18321161
     444.70505795   526.45258832   675.04107133   420.60742181
     230.0656891    348.74843952   452.10102083   211.67777705
      76.92961995]]]