[[[ -16.93138547 -146.33833324 -128.6206614   -88.50109057  114.17790903
    121.30126098  104.34169546  -31.9475349   -14.47441112    5.54375315
    -12.17832065  114.65957016  282.69222823  289.66744846 -179.80065185
   -265.61919117 -191.30745231]
  [  28.56568575  -16.93879016 -112.58958638  -17.81229817   74.07007502
    -15.4044257    85.43965035   60.92170418   48.54305936  -42.43168986
      4.88886468  107.19098381  152.13563321   25.3984936     4.94186064
   -153.68264248 -242.41624263]
  [ -95.59191205  -70.34335267 -501.27834561 -930.74449886  -71.1631203
   -539.38256468 -935.72717954  166.15536635  468.2761479   521.10071726
    640.63949535  442.34684999  189.85063738  -41.61046828  417.61897189
    302.15371442  397.33854768]]]