[[[-2.00855709e+01 -1.28047104e+02 -3.92018011e+02 -3.04052032e+02
    9.71512616e+01 -2.35277851e+01 -5.70315927e+01  1.65420372e+01
    2.50549752e+01 -5.63444785e+01 -5.10427664e+01  1.43285356e+02
    3.21578207e+02  1.82493168e+02 -1.17895708e+02 -2.84809002e+02
   -3.08235390e+02]
  [ 7.12945465e+01  1.71357117e+02 -4.91301459e+01 -3.85272629e+01
   -2.87679814e+01 -2.19941571e+02 -1.43561604e+02  1.08772065e+02
    8.67774399e+01  3.16935948e+00  3.74636441e+01 -1.21185062e-01
   -1.28728292e+02 -2.04773619e+02  1.95645808e+02  2.74295184e+02
    1.39826856e+02]
  [-1.05377307e+02 -8.83084951e+01 -3.67528313e+02 -8.63944698e+02
   -1.17845803e+02 -4.96769641e+02 -9.23211443e+02  1.49550841e+02
    3.92504985e+02  4.84648285e+02  5.66107077e+02  3.69122582e+02
    2.14112945e+02  1.04685378e+02  3.69755776e+02  1.65560387e+02
    1.11868614e+02]]]