[[[-1.54279130e+01 -1.15938359e+02 -1.53527973e+02 -2.91726553e+02
    1.17724486e+02  1.38166982e+02  2.10793021e+02 -2.51843531e+01
    4.83355245e+00  3.55673105e+01  1.35012479e+01  1.53482832e+02
    1.93401465e+02  1.90550393e+02 -1.81925770e+02 -1.78188604e+02
   -1.01146721e+02]
  [ 3.87705091e+01 -2.12264647e+01 -6.37656388e+01  7.17048744e+01
    9.87674699e+01  1.58675285e+01  9.06499796e+01  4.31619910e+01
   -2.00071813e-02 -7.83086428e+01 -4.37392495e+01  7.87027345e+01
    1.45865339e+02  3.05328211e+01 -5.80453686e+01 -1.41767721e+02
   -2.08354840e+02]
  [-4.44621272e+01 -1.67492061e+01 -4.96001498e+02 -8.95289418e+02
   -1.40387760e+01 -4.56251376e+02 -9.00705624e+02  1.95506733e+02
    4.74573769e+02  5.09737772e+02  6.31055324e+02  4.23868630e+02
    2.15888963e+02  4.37543996e+01  4.50425181e+02  1.84536747e+02
    9.58025395e+01]]]