[[[  40.6579343   -90.7088146  -260.53582857 -204.29187897  159.42991947
    151.16543252  366.47058982   54.04414803   27.02811512  -29.14010436
     16.6184747   155.19968105  269.57392209   98.63267837  -93.72338927
   -222.05900936 -372.7998924 ]
  [  40.82716638  123.3914936    -9.29219843   71.51040828  -41.73727234
   -133.27333799   56.6244971    54.87521829   33.12787457  -47.62923166
    -14.02503883  -49.64785855 -225.67140564 -326.15184943  133.29655431
    227.33371998   87.5978559 ]
  [ -92.39688779  -71.28340825 -454.67760537 -840.91497664  -70.3579054
   -532.32094556 -838.45539405  162.05895557  429.46239181  499.97464624
    632.30539088  441.34253766  243.49343562  289.50694519  404.01386007
    147.34244059   -2.84371325]]]