[[[ -38.2708121  -152.86518165 -184.99212141 -283.20021878   78.47836117
    141.90000727  208.00475943  -34.13415111   12.64111996   64.19267772
     63.13718042  157.33669158  203.54469192  288.43665284 -139.70590939
   -247.19406814 -145.52196524]
  [  58.55179439  -13.0070928   -80.8863646    52.40254401  130.11076456
     23.53349453   93.4695992    50.64057934  -11.19338667  -88.38436319
    -61.91625381   84.66106178  159.85693405   33.73664894  -75.61770479
   -133.23599884 -224.68327966]
  [ -48.92990639  -22.26171122 -484.73485981 -878.9308391   -20.07631901
   -448.59433045 -883.14964894  195.75703381  460.85093924  501.8765668
    642.97521753  438.11858681  178.01992104  161.47063388  438.12273984
    168.70288998   -4.90682536]]]