[[[   2.07215421  -93.46791754 -372.73240229 -289.58699751   95.99403436
    -39.92189515  -72.27730787   50.99235267   30.01817356  -34.37232986
    -17.46496116  180.45942326  363.82321945  188.11466051 -110.3079552
   -152.23707169 -235.70703822]
  [  46.53941137  161.05782933  -46.683968    -43.27635011  -67.97896982
   -239.55951729 -167.20278899   90.31770844   82.66223184    4.43182976
     41.60830348  -20.56186203 -152.41825805 -227.95193609  206.17808434
    315.73639238  182.18079966]
  [-111.54390055 -119.54752762 -374.97101028 -848.99386185 -121.99399914
   -506.72401337 -911.81057127  147.98051718  400.83324302  502.28651517
    614.53148007  351.64697987  192.6978221   149.66338697  347.38512279
     79.81778258   51.37255595]]]