[[[  15.51647526 -114.15521411 -214.20609153 -251.8346025   126.32498794
    152.34167345  205.87796851   29.74619783    6.70454712  -18.5340069
     -1.3004472   195.738386    239.61574946  212.96955983 -145.40729648
   -188.30056248 -224.36865802]
  [  46.19416948   99.22516825  -45.77308213   17.96725741   -6.83682708
   -109.89077156    7.39576082   64.61466452   19.86130698  -67.8156834
    -31.43645688  -24.53599645  -70.70404378 -168.90537764   88.95648085
    146.44175761   30.33494537]
  [ -51.1720668   -12.32728673 -436.3632737  -872.21126158  -15.04374378
   -472.75963095 -870.83304805  194.83962912  475.41815895  517.77393614
    660.370441    450.22579463  178.77145963    6.40672677  424.26205478
    181.68679713   43.00798898]]]