[[[ -18.71883644 -147.72065847 -185.25130689 -282.62871113   95.266845
    198.2983428   274.01460213  -12.6834082    26.17145234   66.77679388
     72.1328301   178.14407284  256.44088122  285.01937543 -132.78779952
   -212.23909005 -139.84146049]
  [  72.09524432   19.06353538  -61.03357329   92.69610139  125.12689822
      7.48845064   91.65739298   61.05446178   -1.41835875  -89.59356324
    -61.48285571   75.22325199  150.41708478   25.70443739  -49.47105682
   -147.7553155  -241.9032891 ]
  [ -45.52243     -14.04892083 -486.99038686 -846.43151572  -13.74908149
   -485.75956744 -895.89694198  196.00883088  444.74261875  494.49628418
    629.39449467  420.57095305  176.05853718  -26.28648707  452.91382096
    195.27826986  181.29175984]]]