[[[  22.51985051 -118.32754274 -213.10458877 -204.01208406  146.76083081
    145.98309975  365.75745499   28.32981682  -14.72250594  -43.11794316
    -21.92909281  138.40399127  252.19774454  183.23932771 -159.08496953
   -227.50315055 -273.65851467]
  [  40.98445582  101.25667308  -14.20624209   77.4955554   -19.28792163
   -103.98551977   88.26423021   50.67996425   24.95735842  -61.02943483
    -21.30242612  -31.45612496 -184.23223503 -290.94721394  103.36617481
    184.97156977   52.62486076]
  [ -83.27065124  -64.57449716 -481.01176281 -899.01214824  -63.05116116
   -510.87269563 -820.22485638  164.34316121  447.33288275  491.91778522
    623.21871485  430.59599658  232.79620376  418.68365556  388.20047076
    120.81658866  -47.59946807]]]