[[[ -13.54958872 -143.18848309 -139.58102281 -258.56364038  134.12969191
    194.54036874  268.98943565  -22.05036132   19.36298082   23.42454169
     23.95118153  172.21271674  214.98204742  245.96120748 -167.59131611
   -331.70164561 -233.50352228]
  [  39.77097399    2.26028185 -107.07902098   11.35938549   77.28159698
    -62.33200093   23.1930346    63.52493594   36.2146755   -57.10167266
    -15.06452672   89.37321349  148.52140869   19.60059997    7.06691098
    -83.38988419 -195.07875153]
  [ -72.10985041  -42.35679532 -465.20638819 -888.22118249  -43.21547711
   -494.75113628 -897.43533014  178.20574453  444.85939035  510.44451063
    656.37654928  417.08421665  143.84469417  -65.99653046  426.6348976
    282.38110369  284.22143737]]]