[[[-6.85879235e+00 -1.31362092e+02 -1.46770271e+02 -1.23776001e+02
    1.30025716e+02  8.21952576e+00 -4.49488983e+01  1.62927391e+01
    6.81536497e+00 -2.84794290e+01 -1.98752320e-01  1.81118960e+02
    2.72193169e+02  2.55884242e+02 -1.57395516e+02 -2.49805447e+02
   -2.87112604e+02]
  [ 3.90293013e+01  1.10381936e+02 -2.65134475e+01  3.38921020e+01
   -3.23233052e+01 -1.70984312e+02 -1.16896205e+02  6.82064130e+01
    3.32538642e+01 -5.21087113e+01 -1.13052026e+01 -2.26844129e+01
   -6.16942315e+01 -1.52085267e+02  1.17595274e+02  2.02549778e+02
    1.14794600e+02]
  [-7.83135771e+01 -4.59883799e+01 -4.31301892e+02 -8.42750963e+02
   -4.98002667e+01 -4.71461446e+02 -8.86936416e+02  1.83903918e+02
    4.73741098e+02  5.39552362e+02  6.85301325e+02  4.46237601e+02
    1.76991609e+02 -3.14270009e+01  4.52445995e+02  2.68635729e+02
    8.45546354e+00]]]