[[[  37.10411651  -75.66922629 -223.56348315 -165.68144086  139.87216024
     91.40308076  368.56108543   49.31928817   19.87130928  -54.62925551
    -25.26682736  131.79312412  192.67813626   77.64659675 -114.29511663
   -142.17555714 -275.17384142]
  [  32.69276502  132.28150959   22.19430355   86.52641321  -66.89617323
   -139.53695288   44.864486     37.34597667   18.68847699  -53.94630978
    -22.15788407  -80.53735297 -248.80054729 -323.26424425  134.16842547
    259.30847718  156.26538038]
  [ -91.45667731  -79.22331169 -429.10348287 -847.56204082  -79.8713856
   -526.66114666 -804.50163593  166.26224725  466.09915604  508.89652093
    651.86185929  419.57367893  237.86939195  316.53079055  412.41346705
    140.09578157 -106.42390257]]]