[[[   1.5070186  -134.72173237 -265.15118    -273.1216699   115.8734405
    193.11945366  283.42963599   10.27523221   -8.57040408    1.74814041
     26.45457438  186.0071537   283.03320262  350.07563777 -167.25119082
   -258.12668614 -331.05023534]
  [  46.106104     66.27962593  -64.44465887   41.37903214   25.93251168
    -87.01120813   53.71008042   66.17731368   27.65255182  -68.51516168
    -31.16678354   21.65887447  -49.58969487 -193.03087433   62.83466076
    105.29543868  -24.53527922]
  [ -72.69833588  -43.64683972 -504.39859839 -908.16848692  -43.0164154
   -472.66983198 -861.93249925  177.55580475  449.09906086  502.83380739
    635.10076898  427.42192772  209.89638282  282.85065355  426.15904902
    187.14246842  -22.14794413]]]