[[[  31.56258545  -91.91371956 -203.46645905 -309.06302728  144.06497624
    166.18340968  222.11715211   44.80166586   19.74541635  -32.6001664
    -25.39630597  172.33096939  205.35026791  128.65039111 -128.0901891
   -190.93301467 -109.57986719]
  [  57.13251208  122.58918746  -44.23077518   -6.88025785   -8.32417808
   -123.55390817    2.0792782    70.9968355    20.76480815  -66.11292032
    -29.82895945  -44.769648   -115.93667014 -173.99596355  104.74240145
    172.14273058   52.73499754]
  [ -58.35470284  -33.22754624 -445.33184712 -845.6134575   -36.02335577
   -449.16287593 -797.16415948  196.54320114  483.51356566  532.39005901
    696.82533011  458.52506139  184.99798105  -20.26803347  457.8731469
    150.50649949  -68.42229235]]]