[[[  12.65221401 -103.73620505 -247.48199566 -277.9576109   131.04000925
     87.86141091  304.57537347   31.51994539   12.82051642  -22.46321418
      7.00744904  168.63019082  333.51136988  278.04753587 -134.59447082
   -215.46477988 -344.25879335]
  [  20.19566902   86.1387671   -41.73720709   27.54170293  -45.7475976
   -128.86072086   36.22555745   44.28068235   32.23049984  -50.99672407
    -16.23341226  -23.25949523 -138.99002312 -262.94322057  114.19296795
    225.58156115  117.19706072]
  [ -69.63076658  -34.37540845 -489.27885701 -883.26150136  -34.45725496
   -521.10561269 -804.34014424  169.99673806  446.76758041  490.95910146
    602.90431916  428.79298777  260.74453948  294.78547866  394.5914404
    159.12738552  -52.78713814]]]