[[[  14.31547307 -110.26344238 -261.78395524 -254.95631227  123.97506629
     77.2873103   356.67044585   38.04689504    7.1517302   -33.20120449
     -1.65240727  163.76882987  285.832197    220.26675233 -105.62740173
   -181.33135133 -319.33746165]
  [  21.58233817  105.28151306  -29.90425679   24.44901202  -62.11700527
   -146.41029376   45.93982772   42.29726431   29.04793955  -48.77983767
    -14.37251474  -47.93344914 -177.77900751 -292.20605136  129.76394128
    258.55339589  157.08000455]
  [ -86.6190543   -66.77428217 -432.27731975 -869.45943368  -68.22266056
   -534.24433397 -790.19221239  164.74371111  437.42252159  504.58798827
    629.64270018  446.47173878  228.49884412  259.2940951   412.86933948
    168.69903351  -50.24279301]]]