[[[-2.31733592e+01 -1.38990306e+02 -1.86860662e+02 -1.30255615e+02
    7.69919373e+01  5.49954513e+01  5.98972419e+01  5.51421867e-01
   -2.51581334e+00 -2.38015558e+01 -5.31771476e+00  1.65041494e+02
    2.94506692e+02  2.32759905e+02 -1.66504288e+02 -2.53748321e+02
   -2.85154845e+02]
  [ 1.94870603e+01  7.63550526e+01 -1.89786203e+01  7.74900425e+01
   -3.73810089e+01 -1.23422236e+02 -2.72416574e+01  5.57451191e+01
    3.97937139e+01 -4.67382298e+01 -4.19423523e+00 -1.30121588e+00
   -8.65816000e+01 -1.92972671e+02  1.07469122e+02  1.72262376e+02
    6.04470204e+01]
  [-8.36051528e+01 -4.32762308e+01 -5.06878077e+02 -9.32348366e+02
   -4.51607209e+01 -5.07793768e+02 -9.32681882e+02  1.71574355e+02
    4.54346575e+02  5.19013597e+02  6.54598949e+02  4.30264898e+02
    1.96914379e+02  2.73691362e+02  4.33092776e+02  2.60909232e+02
    6.70354280e+01]]]