[[[-9.28119338e+00 -1.14399002e+02 -1.55035476e+02 -2.90864074e+02
    1.26264189e+02  1.41735311e+02  2.18626742e+02 -1.40707182e+01
    1.17887690e+01  3.52309241e+01  1.94521861e+01  1.65262078e+02
    2.06808790e+02  1.96624686e+02 -1.45817922e+02 -2.25020437e+02
   -1.55425840e+02]
  [ 4.02711414e+01 -6.45225879e-01 -4.81716666e+01  9.10641730e+01
    8.11875137e+01  7.94914373e+00  1.02212516e+02  4.45450223e+01
    7.50805636e-02 -8.28796443e+01 -4.68074357e+01  5.75229773e+01
    9.22154282e+01 -2.87977807e+01 -3.41362008e+01 -9.18285940e+01
   -1.81943349e+02]
  [-4.23746024e+01 -1.57936368e+01 -5.04158706e+02 -9.12344031e+02
   -1.41118365e+01 -4.67281867e+02 -9.15399329e+02  1.95506867e+02
    4.78423765e+02  5.03142650e+02  6.05895734e+02  4.25608829e+02
    1.86134204e+02  9.36704983e+01  4.56871227e+02  2.24216594e+02
    1.00905844e+02]]]