[[[ -13.38928803 -147.10925448   84.06240157   24.06398198   84.48062013
    152.83864827  209.13815998  -60.66578255  -91.0446578   -34.02119134
   -122.83954254   95.91990371  309.08525932  239.26208317 -244.7388191
   -315.38299153 -253.67181066]
  [  26.10363602  -70.59700424 -218.18442402 -171.09947416  122.80423576
    -29.06040065   12.97980894   73.13013894   69.42452665   -7.26968228
     43.47138596  168.88347217  214.89863156  101.82840606  -16.95602934
   -142.77372803 -201.72976711]
  [-110.65209188 -138.51397219 -557.57869009 -963.01102353 -133.70807348
   -552.80751804 -960.46503984  158.42084722  436.19169871  547.84334347
    597.87227712  388.12766591  263.16730602  154.23442258  407.79103927
    181.95270863   57.81418509]]]