[[[ -40.07668388 -144.4027093  -173.28970565 -270.12223306   83.46873022
    199.73553925  273.40037342  -48.86013486  -21.42520819   40.44097736
     26.65263314  121.44046223  152.75408546  153.5939889  -169.52136872
   -196.21032616  -36.07426152]
  [  50.04027235  -27.12064277  -96.66282771   20.11608414  127.20118368
     -2.28850935   52.70900022   55.06794748    4.83911228  -71.86530931
    -45.0354767   102.94674239  188.39346267   62.38471064  -73.12235822
   -160.25829807 -201.28344658]
  [ -41.95008624  -11.02878278 -442.04744728 -861.61179483   -9.9132381
   -462.36432713 -832.96444838  197.92655514  472.064481    505.38480239
    626.58226001  448.9949936   178.76128555    2.04588558  447.36721793
    176.83641587    7.92013768]]]