[[[-2.10271184e+01 -1.35858845e+02 -1.16538063e+02 -1.26486714e+02
    8.59379560e+01  1.49535561e+02  9.67177958e+01 -2.23181313e+01
    6.95636433e+00  3.11667199e+01  1.18645949e+01  1.72832754e+02
    2.51870581e+02  2.52819810e+02 -1.58580589e+02 -2.44817850e+02
   -1.71320234e+02]
  [ 5.72366990e+01  1.19544016e+01 -8.21930758e+01  2.01613005e+01
    1.02518975e+02  9.31938937e-01  1.11085142e+02  6.05568719e+01
    1.15165335e+01 -7.83256679e+01 -3.98419303e+01  7.02281168e+01
    1.20216672e+02 -5.92819281e+00 -2.27803852e+01 -1.16779782e+02
   -2.09037411e+02]
  [-3.81354112e+01 -4.10319195e+01 -5.54445891e+02 -9.98231379e+02
   -7.36034395e+01 -4.71844012e+02 -9.08174592e+02  2.00895585e+02
    4.15317262e+02  5.08852378e+02  5.76143606e+02  3.50120912e+02
    7.62499404e+01 -1.27513469e+02  3.95169792e+02  1.84538615e+02
    1.91485278e+02]]]