[[[  49.01308235  -91.39150139 -192.37824932 -218.3223758   179.57462279
    253.8206685   356.14619403   41.87418081   13.07690382  -29.41128247
      2.23800711  165.76228768  201.3503469   148.71423861 -135.8609631
   -242.94384182 -291.07209948]
  [  79.5727488   127.0802687    -7.12780894   84.61651471   32.06520318
    -73.86389061   91.4936025    64.0833362   -14.64406692 -104.7445492
    -78.89821742  -61.36069838 -133.97961041 -228.62781868   59.21539687
    127.51432408   -0.98050028]
  [ -37.82416812   -9.11328005 -452.16533727 -843.70832549   -8.11733822
   -423.80879112 -796.09636794  205.19184065  462.85119122  504.76134821
    668.88308449  411.62913315  167.55769876  -45.95725159  439.65637668
    174.21488175  -37.34048249]]]