[[[   9.79405381 -125.33701877 -185.0720629  -130.40760378  110.17476599
     38.06811425   38.79660303   43.33966022   35.43331617   -9.26193314
     -5.86945083  225.05509499  385.32373571  257.99429561 -113.99305035
   -199.89517187 -330.27156727]
  [  18.56903982   99.4236163   -39.31881603    7.68421562  -62.28556744
   -197.14044249 -126.54467427   62.68542035   54.3166582   -29.67699304
      9.35451861  -13.3202283  -105.1349227  -219.27528544  147.26774087
    250.08959696  131.71857476]
  [ -87.95220516  -47.65734496 -425.78421328 -888.48894712  -49.68267916
   -456.21435779 -892.0184494   167.38310283  446.70683099  517.2362019
    662.10889744  396.47788309  238.5970285   151.1573602   422.22227859
    189.19597801   19.39263701]]]