[[[ -12.15185008 -120.79211631 -101.98458176 -113.15539182  131.13069854
     92.42341351   21.76275959  -30.84315364  -30.23759546   18.5709069
    -27.38607043  131.77591852  251.44101102  262.56881342 -153.59365963
   -229.17564646 -114.77755272]
  [  13.20711969  -46.78535415 -114.68347149  -29.00055918   73.19949937
     21.99268767  124.50865618   47.68504325   50.88903786  -33.21385351
     15.54865781  119.55704636  169.34694887   42.33139238  -11.89090719
   -190.82577926 -258.31712924]
  [ -82.02439496  -32.95546279 -501.39084698 -938.45756467  -73.8258679
   -503.95303368 -902.0890509   170.00702366  467.74040171  519.3249433
    632.7746055   400.85473975  138.21506893 -102.76507557  451.01920089
    333.89066884  392.78238472]]]