[[[ 8.23639341e+00 -1.14475108e+02 -1.44269451e+02 -1.54576412e+02
    1.41184481e+02  2.48090309e+02  3.36662974e+02 -1.14161860e+01
    1.54716360e+01  3.69410253e+01  5.86196772e+01  1.76216846e+02
    2.22303563e+02  2.72735819e+02 -1.53616381e+02 -3.66270292e+02
   -2.65341842e+02]
  [ 2.65304398e+01 -1.96299162e+01 -1.14758065e+02 -8.22736015e+00
    7.26907445e+01 -6.94925186e+01 -8.74195040e+00  6.43508640e+01
    5.43041576e+01 -3.92646894e+01 -4.44856849e-01  1.15881087e+02
    1.88060838e+02  6.72546481e+01  1.77706458e+01 -8.78357546e+01
   -2.02182984e+02]
  [-8.14128041e+01 -4.92278456e+01 -5.31827986e+02 -9.11414974e+02
   -4.68404229e+01 -4.96916737e+02 -9.15147634e+02  1.69712675e+02
    4.36386648e+02  5.01679760e+02  6.30546443e+02  3.79433962e+02
    1.57717471e+02 -2.23328056e+01  4.55706151e+02  3.11820438e+02
    3.57157888e+02]]]