[[[ -32.47298278 -145.94065608 -132.72814541 -258.93343218   85.80624517
    193.24144543  259.93970543  -43.00626656  -25.28281788   26.00763547
    -15.93887214  153.38527193  189.76378098  147.35768218 -169.19871472
   -195.7413703   -85.73012239]
  [  61.22865503   -5.17193678 -115.59760394   17.74454613  127.62921615
    -31.44717611   28.80401245   68.50465437   13.3110234   -71.66948302
    -34.36564422   97.05769444  157.54492195   30.52979854  -51.05490866
   -121.83460893 -183.02658968]
  [ -57.78534219  -34.7350642  -447.49237997 -828.03453664  -32.92667094
   -439.60515832 -835.97953056  194.64894285  477.49208974  529.35556294
    687.83135073  453.74597518  183.55505797  -22.82618708  450.53265914
    148.30534602  -21.12536817]]]