[[[  29.08147678 -102.48749445 -253.43550172 -331.20191773  138.04420321
    155.8180128   211.81473232   51.91993346   18.5939693   -17.52935495
      7.36252357  207.14818965  241.93770069  123.94919474 -132.50345645
   -165.64946617 -119.39068978]
  [  53.13482882  122.27226792  -74.37998906  -44.33310673  -16.00260913
   -151.23358962  -28.36770882   78.94917355   37.9678269   -50.77003343
    -11.99641957  -30.95348461 -105.46600398 -169.09144497  123.94298398
    190.07863941   61.09202994]
  [ -70.06421672  -42.23051856 -419.56606747 -817.71366677  -45.38780826
   -458.46442958 -812.40938941  187.47168105  484.11139366  533.66315245
    701.54836152  458.08298861  180.17859787  -25.67693844  430.56006741
    147.17787166  -35.53227274]]]