[[[ -57.79824932 -131.26455497 -154.68126379 -223.64138451   14.51237243
    186.87479839   69.38399587  -36.19062531   22.89981604  135.01850466
    129.56648231  112.18959271  158.98827434  250.42636143  -15.45856312
   -125.27989775    3.44681441]
  [  53.89103494  -64.42966904 -111.36089107   -1.93069456  172.21192001
    100.3211383   148.20856567   40.37742471   -9.8810791   -61.75791607
    -46.23268826  125.05716649  240.05864754  151.06645455 -125.03728703
   -228.2678298  -262.4864035 ]
  [ -36.50828755  -32.75247766 -519.11699613 -892.78817679  -32.91418562
   -390.54715094 -786.69194787  210.62751721  470.68369441  507.89330291
    642.42254461  390.62286812  117.79739708  -46.68096927  448.69645057
    175.67572156  -73.87277126]]]