[[[  -1.76602051 -126.48073386 -167.70579231 -242.07127674  123.50582668
    168.32113114  248.21569988   -5.81360428  -41.61386464  -16.30817491
    -43.42055219  153.34886218  363.76358606  275.06376489 -200.84793648
   -285.6259807  -224.45273389]
  [  47.76559535   42.48024093  -65.51693344   47.20443295   53.05093791
    -53.52458543   66.82254715   67.47876601   34.46464288  -59.8558965
    -17.30127462   53.7475388    19.75303138 -106.82619855   37.43129041
    -27.30812686 -140.61597088]
  [ -87.32802418  -80.8746479  -486.87840622 -951.73494527  -52.7983139
   -546.46613657 -957.13722594  172.18084228  449.77492218  511.83945771
    630.0556993   431.10072592  313.61352962  208.22423729  424.14495276
    233.33658752  151.6420503 ]]]