[[[ -30.09667711 -119.14198974 -145.94105513 -283.79639658   75.64846472
    179.40941572  207.30759024  -33.43806479    7.72120447   53.34560227
     20.22492863  151.56139606  178.43673675  139.81982813 -141.83207319
   -172.1702017   -97.24784835]
  [  50.87380711  -21.11768564  -92.75647121   45.04630207  122.86526851
      6.85900938   75.47448382   50.71220812   -4.27246305  -82.91811333
    -51.60499522   85.97939283  164.0655488    52.18009344  -72.88401509
   -138.68975932 -192.50379557]
  [ -41.42108126  -18.14079377 -448.32290428 -835.30546211  -17.52843026
   -441.42171715 -843.45933169  203.3741321   495.39674192  519.47748408
    651.22290425  443.02223983  165.71782907  -52.32505266  471.11405462
    169.46257845   -6.66031696]]]