[[[  26.04607978  -99.16611851 -205.76357429 -311.85906239  142.3263543
    166.62373794  217.59815685   37.35991696   17.65566012  -23.16716791
    -25.38488224  173.21612192  243.36780776  129.47867343 -134.24702559
   -202.05755282 -111.78829649]
  [  65.1916374   116.81810758  -69.91880848  -17.83206738   13.5651599
   -127.23579053   -1.35522056   81.77359822   27.92940013  -64.37004734
    -25.76787445  -19.80412819  -72.46632209 -154.68425853   95.81795105
    138.98961489    5.96218647]
  [ -60.29508594  -31.91433787 -443.11240963 -842.15797561  -34.97240594
   -445.68693571 -795.50189282  192.72803131  484.26301507  527.20472946
    697.43017447  458.68170888  153.87685739  -19.12692789  431.41182914
    151.79480966  -23.66695024]]]