[[[ -78.89502825 -169.27072078 -169.52995899 -512.83234176   11.34778762
    192.6975081    72.39688217  -43.06387632   27.93993866  131.05580545
    133.11793345   89.39033317  194.29381238  220.51904634   -8.98179557
   -152.09726493   71.00884012]
  [  54.74802321  -58.88632364 -103.12723335  101.14333131  168.38235785
     96.94401543  168.87918841   24.03457603  -33.49513151  -81.81226528
    -72.47393529  100.60501547  224.67106778  110.59486905 -143.28060072
   -267.63915661 -286.072747  ]
  [ -59.47645595  -52.80767958 -532.54631077 -749.98717955  -50.72121572
   -406.21677459 -790.06031813  184.088717    442.97427562  471.31583697
    610.69383973  421.64373206  165.31301236   60.9558791   421.90697941
    163.48110366   61.67336306]]]