[[[ 3.86484045e+01 -6.64171584e+01 -2.18047360e+02 -2.82362550e+02
    1.33583086e+02  1.48480687e+02  2.05035021e+02  5.49660832e+01
    1.29185585e+01 -2.61920665e+01  1.73452249e-01  1.96702791e+02
    2.26107229e+02  6.88183078e+01 -1.33829470e+02 -1.67577021e+02
   -1.23585573e+02]
  [ 5.85991504e+01  1.34103758e+02 -3.81938332e+01  9.85198927e-01
   -1.69054433e+01 -1.32100877e+02 -1.74277436e+01  7.22673453e+01
    2.18670235e+01 -6.33367061e+01 -2.87489751e+01 -5.26643590e+01
   -1.30433056e+02 -1.77194540e+02  1.14878784e+02  1.83923141e+02
    5.25733141e+01]
  [-6.59717564e+01 -4.21498149e+01 -4.16930880e+02 -8.12262367e+02
   -4.48779523e+01 -4.58288005e+02 -8.47141638e+02  1.91220375e+02
    4.77314898e+02  5.30096258e+02  6.90925223e+02  4.50881374e+02
    1.76044297e+02 -2.80655863e+01  4.52822101e+02  1.78181413e+02
   -3.34510519e+01]]]