[[[-4.27065629e+00 -1.12388586e+02 -1.92645028e+02 -2.81915951e+02
    1.27961888e+02  1.31039014e+02  1.67127029e+02  2.34459801e+00
    1.74347251e+01  2.41214514e+01  2.00425774e+01  2.03066237e+02
    2.45763066e+02  2.33474124e+02 -1.37791300e+02 -2.20944015e+02
   -2.00223782e+02]
  [ 5.84872961e+01  5.60969017e+01 -3.70599264e+01  9.04214961e+01
    6.08776770e+01 -1.20322965e+01  1.16361326e+02  5.45565444e+01
   -5.54933275e+00 -9.50858077e+01 -6.04291666e+01  1.60763003e+01
    3.39813556e+01 -8.93098979e+01  5.25203287e-01 -3.68228955e+01
   -1.50397949e+02]
  [-3.41779936e+01  7.77639408e+00 -4.57265709e+02 -8.80982836e+02
    4.83996259e+00 -4.90087428e+02 -8.86426337e+02  1.99219208e+02
    4.51393120e+02  4.95683806e+02  6.30211940e+02  4.25618855e+02
    1.56047209e+02 -1.56546172e+01  4.31788366e+02  2.06011704e+02
    1.57621525e+02]]]