[[[  25.05020409 -103.60219657 -252.35819626 -329.47970909  135.96300422
    156.18394299  211.8333002    47.85293472   18.96318636  -15.46317542
      8.34814376  206.66467173  241.01229247  124.44935269 -131.97411608
   -166.36876593 -119.63491051]
  [  49.04155343  116.72493604  -68.89342927  -25.5539784   -18.64184934
   -141.47166796  -15.81120442   73.96155875   31.35048335  -57.79588248
    -20.76749786  -34.96099787 -104.15626555 -166.70088168  116.61196486
    188.32492435   65.02201081]
  [ -69.59002222  -44.05424799 -456.41563012 -822.43152439  -47.07769082
   -464.19899494 -814.85353397  190.02898924  482.89231168  537.9286307
    700.14252413  455.9692674   178.11757291  -29.24801679  458.56029207
    180.06485289  -35.65055371]]]