[[[ -45.75191231 -152.49593464 -138.45091848 -270.54058452   69.94171535
    179.2790503   203.18703097  -46.35587518    6.30041923   51.22651138
     20.18559822  145.86299388  175.67167775  138.13673506 -170.48157835
   -161.58901618  -45.00718857]
  [  63.34632881  -16.01425151 -108.86208465   28.91357808  142.70688292
      7.23625172   67.70861778   57.37967671   -5.87758441  -84.09522513
    -55.24694985   93.62860977  175.29519752   56.67939645  -83.84436695
   -156.97489191 -193.72900937]
  [ -46.4384434   -24.11239652 -436.25119592 -812.60336941  -23.02112002
   -428.59736245 -820.53487894  201.03054311  479.18862898  517.91946756
    659.14625289  455.75028979  187.88279682  -54.8028119   453.18353799
    153.22971328  -52.18811098]]]