[[[   7.00766867  -98.47667165 -372.20609189 -288.32896249  126.01780097
    -41.10462459  -77.83707291   48.57099922   24.20332441  -28.23818735
    -20.98560367  206.89784646  355.95865761  220.58884633 -118.18781831
   -204.86859252 -257.54256641]
  [  63.11803642  171.08624947  -55.90771161  -47.68167489  -44.85014303
   -241.56488008 -170.63514795   99.48566426   79.11066795   -4.28711636
     32.05300921  -13.24002199 -141.46852075 -221.58685921  196.39445874
    296.36841817  163.40649081]
  [-108.58647713 -107.57068638 -358.40010383 -845.04234861 -111.62836047
   -519.37147407 -921.11109483  145.09528282  372.64887631  483.99512057
    580.9735524   349.31820326  167.56908869  164.92729515  349.29147275
    123.97779284   93.44578973]]]