[[[  10.96137962 -114.34112463 -110.19814087  -50.49829449  147.34908684
     90.35677135   87.89022503   15.90236331   14.10960581  -13.4415969
     10.70185495  184.97236299  322.35026099  258.74345726 -190.48850449
   -327.68111117 -323.26644956]
  [  34.65690329   63.20576007  -54.69577645   27.99893945    6.10805124
   -123.56007523   -5.68670097   70.67548859   55.15753024  -33.30240978
     19.44368936   36.59005898  -48.23946491 -161.24966238   96.757978
     76.03102092  -61.14865809]
  [-105.81686016  -76.53180283 -491.60708169 -989.82272607  -76.2069296
   -525.57952682 -920.41111779  155.95137941  459.6486356   514.74466864
    623.37439216  438.6290388   243.19195173  246.81727958  398.87848587
    205.19701784  242.90113306]]]