[[[   14.98243274   -79.93850523  -347.02038372  -465.99432599
     155.87908636    37.07960855    -3.34726644    74.81361641
      61.78455983    14.69639128    50.05781397   184.75307164
     329.36050723   265.43279283   -53.99383164  -134.05312732
    -211.75824206]
  [   32.21429985   138.90351119   -67.60449377   -64.19320086
     -74.47485233  -197.72804629  -141.96274753    74.24697143
      66.70739494   -18.73854967    21.28719753   -33.25418289
    -189.48781826  -262.3699876    187.96826646   325.06526115
     238.37410945]
  [ -132.83975962   -97.89083469  -428.32472091  -748.28819605
    -133.33926027  -595.23317739 -1008.43128452   145.90913072
     464.0661198    529.53265951   663.60924867   439.91056432
     252.76294826   289.62435592   441.97539315   234.94994187
      30.15066907]]]