[[[   1.48110457 -140.68185866 -300.74538256 -411.35397416  134.37948931
     71.4600191   111.25511114   38.89587026   21.0471926   -17.41675661
    -20.81341827  213.13456696  411.86687754  284.72357142 -162.82083386
   -211.45136047 -270.30960496]
  [  43.68565604  118.0674538  -106.91640472  -99.73709318  -30.6961398
   -197.43858808 -119.95050588   85.29181279   73.11924176  -21.64349758
     18.58841021    9.78660917  -94.94686773 -203.60941006  161.99496129
    270.52269057  152.94677966]
  [ -95.02589737  -47.06117617 -365.53463829 -795.72507813  -80.13167835
   -508.07425302 -901.79299235  160.09757378  411.47594667  504.28142002
    656.28592402  423.12832458  272.24692206  201.4462542   385.69741112
    146.56574086  -55.59619981]]]