[[[  56.72535012  -42.8886264  -281.82074905 -218.01797275  136.52305811
    -42.6618876   -73.37794984   71.27008725   23.7052575   -12.02635212
    -18.26077004  133.630338    289.77848944  156.65714216  -79.77442636
   -148.97443564  -52.53544023]
  [ 136.30066315  213.03107227 -161.08818629 -116.32598763   59.57026516
   -315.07928863 -210.13563206  131.83262727   67.63124894  -22.50400228
     15.48251148   10.84823415  -70.23590989  -89.86174267  149.95157257
    177.39342967   50.14257938]
  [-106.34810426 -105.75231244 -327.93151105 -766.81742229 -139.29552432
   -535.97812471 -905.03337635  145.59983321  381.03255607  456.81978017
    548.41381615  330.97749578  173.59683583  114.19024082  359.01598789
    144.47722513   68.46155911]]]