[[[  21.33062161  -86.82595773 -360.9756119  -523.7501583   136.13962229
     12.38023422  -32.67526616   89.4493476    85.27964393   22.41165074
     36.7455376   229.64280082  382.28134583  235.76171628  -23.26330585
    -90.74060102 -171.21604824]
  [  29.55992591  144.68466774  -63.85586962  -95.77765748  -85.56472695
   -216.91111488 -182.85920312   72.09770843   64.95027309  -11.58897589
     19.63808077  -44.13279823 -179.68475644 -247.1740036   194.24142252
    350.76006049  264.53719292]
  [-101.21101643  -65.38192759 -341.90700878 -685.19532007  -72.3070872
   -503.90798235 -934.04544354  150.81514829  434.77010959  497.66697104
    618.80325738  410.46752336  217.8335451   129.92755236  412.67579334
    176.56787605  -32.9383664 ]]]