[[[  17.36963628 -129.61736305 -142.33617457 -129.44305384  119.92901987
    201.48641585  311.1542864    13.33040346  -18.78625846  -52.13254551
    -28.00127912  144.44770482  185.18737589  156.23772458 -170.92683217
   -246.77174951 -252.55981668]
  [  51.60106616   95.82364429   22.96377732  129.53054831    7.37844285
    -63.90495752  100.83268268   46.32790311  -13.2233813   -99.88553272
    -68.49162835  -55.15945212 -125.09945902 -211.19740466   54.07731285
    123.95876093    8.40215993]
  [ -44.59267282  -25.12674638 -484.73852488 -899.02657611  -23.66216377
   -440.7616028  -817.48667904  203.7596655   492.67147484  519.07433136
    650.09427387  434.45056052  223.18876813   42.46782397  467.61748936
    175.15490978  -60.81999732]]]