[[[  41.16423897  -71.75027983 -220.62959691 -162.25459655  143.90338071
     95.27615553  373.8164221    53.43493161   24.09352203  -51.45958147
    -21.303642    135.41059139  192.29625384   34.96472396 -110.22553947
   -141.01664617 -272.58074866]
  [  34.51513261  133.93106793   21.57341299   86.25802556  -64.90097716
   -139.05425436   46.65536361   39.72737621   20.96786504  -50.91683378
    -18.90476038  -79.31772137 -250.25347708 -316.06791621  136.20153411
    251.78077793  133.14709635]
  [ -94.3565245   -82.47296193 -432.77368511 -852.22249992  -82.99256554
   -530.48345252 -809.3699021   163.76599848  464.3516813   507.76789337
    650.29792882  417.48013553  234.22343639  315.95455814  410.59753229
    139.43333045  -68.36760141]]]