[[[-3.17920476e+01 -1.57234128e+02 -1.96281638e+02 -2.93772597e+02
    8.23515824e+01  1.43873397e+02  2.58911475e+02 -2.88515428e+01
    9.91279591e+00  4.89603031e+01  5.82264810e+01  1.61024501e+02
    2.09055094e+02  2.43464961e+02 -1.46757223e+02 -2.23529901e+02
   -1.49244802e+02]
  [ 6.18095853e+01  8.97366243e+00 -5.57748398e+01  8.00511397e+01
    1.14645570e+02  6.86125699e+00  8.60516361e+01  5.69866049e+01
   -6.22003766e-01 -8.23337876e+01 -4.90667497e+01  7.37915855e+01
    1.04780550e+02 -3.08296086e+01 -4.84068116e+01 -1.16558751e+02
   -2.12503803e+02]
  [-5.24681434e+01 -2.61307447e+01 -5.03746589e+02 -9.08890467e+02
   -2.40276749e+01 -4.67138653e+02 -9.13549712e+02  1.89123251e+02
    4.65067430e+02  4.94502536e+02  6.20842715e+02  4.13322769e+02
    1.79831739e+02  2.08887232e+02  4.43464878e+02  1.76702541e+02
    8.78517347e+01]]]