[[[ 3.39183877e+00 -1.30003168e+02 -1.75013281e+02 -2.49169515e+02
    1.11860007e+02  2.31826251e+02  3.19897895e+02 -5.77257238e-02
   -1.75502470e+01 -1.34279496e+01 -1.74189587e+01  1.38012038e+02
    2.63045639e+02  2.45157826e+02 -1.70250616e+02 -2.79678371e+02
   -2.70715499e+02]
  [ 5.71314248e+01  5.36282708e+01 -3.71193179e+01  9.16550016e+01
    6.06345544e+01 -4.26039436e+01  1.03308175e+02  6.09762248e+01
    8.55541990e+00 -8.50318867e+01 -5.06689599e+01  2.00638513e+01
   -4.28591391e+01 -1.75543346e+02  2.49891752e+01  4.49191752e+01
   -9.17177824e+01]
  [-5.54472456e+01 -2.70521364e+01 -5.14068149e+02 -9.03645160e+02
   -2.49113714e+01 -4.79670414e+02 -8.58455242e+02  1.86739721e+02
    4.52690890e+02  4.95611580e+02  6.25878708e+02  4.34032812e+02
    2.23499203e+02  2.88515985e+02  4.27041049e+02  1.56957058e+02
   -4.66579597e+01]]]