[[[  33.98706355  -82.81977238 -235.41703178 -227.54631379  141.17360698
     92.55628775  329.10955554   50.0049822    22.03876893  -37.03242093
    -22.95601934  171.66360211  204.58951629  129.34588664  -84.27688105
   -150.16843    -287.29277591]
  [  33.77320672  123.86393543    5.34894404   57.87660703  -56.31774036
   -134.69657775   35.06298407   41.41045464   19.30314705  -54.76943043
    -26.39779946  -67.95878956 -220.59849998 -307.61606508  125.77468906
    253.82205239  156.81684096]
  [ -67.12717779  -38.73671426 -432.34028802 -865.88837203  -39.9200157
   -499.59551244 -785.39913297  171.59350154  448.20526962  484.61280335
    576.79888804  428.52533657  213.91400173  291.44281505  424.13309128
    151.47007037 -103.62085962]]]