[[[ -18.02231629 -170.44346204 -207.74245164 -217.92200267  108.47737072
    198.03673836  233.6398037   -16.54471397   -8.56580901   19.6411173
     31.28305812  179.51791246  229.86192162  305.84914186 -166.31556205
   -249.67899042 -265.99766901]
  [  63.42252556   37.83971673  -81.0839986    42.15708054   89.00533505
    -53.87095496   60.88275124   66.52413797    1.69543059  -94.5955268
    -62.23933715   47.82856339   93.13636636  -26.21714214  -11.66788585
    -27.33043978 -146.88481607]
  [ -51.15509872  -18.23384039 -472.44726014 -862.37233702  -17.96721105
   -468.43700744 -825.33138618  200.26466955  467.58124732  518.75344096
    678.72352654  443.92228328  203.09732251   -3.08190967  443.76586222
    173.24686612   -4.37321956]]]