[[[  34.85109694  -70.43013442 -223.70156641 -287.16784429  130.12314526
    143.76859758  201.34178777   50.52896841    6.71594566  -36.14548318
     -6.85346082  159.07502876  225.97497659  110.69189266 -140.12566832
   -166.46331212  -82.94938792]
  [  54.88943444  131.76605906  -42.51038559   -6.91135429  -21.98718312
   -137.41578574  -26.74368799   70.89775751   22.67972631  -63.03361868
    -26.3200276   -52.21628971 -123.49660024 -169.18687322  116.46139472
    190.72867477   69.39476773]
  [ -68.95252016  -65.56222515 -411.90026031 -808.45321542  -39.81874338
   -452.30019022 -842.6594102   192.24066426  487.2906409   537.53702305
    702.98567963  462.02982132  187.10604265  -20.05844566  461.0937202
    150.46912178  -69.36966052]]]