[[[ 2.77209105e+01 -8.04525203e+01 -8.09310015e+01 -1.12150640e+01
    1.75455594e+02  1.14338932e+02  7.60936144e+01  2.75109420e+01
    8.79108262e+00 -2.05774735e+01 -7.74956697e-01  1.76900777e+02
    2.56345700e+02  1.78488018e+02 -1.58746121e+02 -3.52455932e+02
   -3.01838122e+02]
  [ 6.88050612e+01  1.26930160e+02  3.05816048e+01  1.31724784e+02
    1.06800340e+01 -1.03876146e+02 -7.35315796e+00  7.00758810e+01
    1.53362470e+01 -6.79048344e+01 -2.77867329e+01 -3.02162439e+01
   -1.27575145e+02 -2.07953795e+02  8.90549766e+01  7.61000826e+01
   -5.29844692e+01]
  [-1.03192952e+02 -8.20828693e+01 -4.68573666e+02 -9.80591220e+02
   -8.46220250e+01 -5.11050174e+02 -9.86625366e+02  1.59522580e+02
    4.18808217e+02  4.96167767e+02  6.18131764e+02  3.92094463e+02
    1.47297497e+02  1.33733138e+02  4.33877952e+02  3.62926649e+02
    3.90009994e+02]]]