[[[    1.5335642   -113.59271642  -292.21333749  -210.47902356
     125.8691358     59.21968423    65.9033106     27.57002294
      13.81691302   -22.75035453   -30.10340718   171.84317833
     361.41214048   225.60549663  -140.09835871  -272.03385548
    -175.62818373]
  [   61.97959052   138.45167175   -54.21758842    -4.71257161
     -14.49240878  -167.10605202   -66.92063438    83.98568894
      44.21560331   -46.61326578   -11.31866344   -10.68249157
     -83.64160139  -159.09656784   127.98514723   165.20855816
      40.21542171]
  [  -87.91832932   -82.72906231  -360.41269019  -888.74927346
    -123.36995633  -605.88208155 -1021.19801313   167.39179258
     378.52685942   494.89941344   589.9614445    353.0565811
     188.19729305    65.02120302   358.28993856   227.9477551
     155.87559024]]]