[[[    2.71971945   -98.03246981  -294.22184553  -212.90478659
     117.40012648   -43.15461116   -33.55317003    43.98720566
      19.17644985   -42.86417542   -28.01533073   134.51442976
     309.24921421   168.57475729   -85.47985312  -166.45769698
    -246.90905579]
  [   44.02255529   160.70318201     2.51703501    32.25144974
     -72.65803045  -201.79301812  -123.50863003    73.32927875
      60.37092023   -13.47022951    22.24373746   -44.3255306
    -196.60031403  -259.47782304   187.85541302   305.49583135
     177.97739699]
  [ -120.03416905  -125.576906    -428.81685219  -928.61294419
    -156.3335007   -563.81772274 -1005.80121241   147.49554466
     406.03194306   505.79944648   592.53496464   356.54397051
     202.7259573    276.60967321   382.35037263   159.23924847
     151.34278583]]]